4.153875110369941837e+00
3.205530601383201450e+00
1.559249516818550507e+00
1.757536001419661709e+00
2.458238027648015134e+00
2.403989921652062378e+00
4.505042202133346052e+00
2.731844389999911193e+00
3.039150728953023517e+00
2.582182294077548956e+00
2.816669636916189656e+00
3.238685266841807131e+00
3.007040971102998395e+00
3.177710230070675657e+00
4.293205372019075483e+00
1.203306668210661012e+00
1.537411254690753459e+00
2.008854027738298687e+00
3.607729711660364824e+00
2.378519175279795395e+00
4.201471587168445154e+00
2.087436439144111588e+00
3.285716631139481425e+00
3.600695304273605846e+00
2.793699274203039540e+00
2.318519451870604264e+00
3.576873953343828294e+00
2.413512969894587634e+00
1.777322572934428635e+00
2.014641544333161782e+00
3.698907330720302422e+00
4.214461931164185771e+00
1.737440312994395608e+00
2.094855886941692891e+00
1.053452453764208707e+00
2.704641041221821141e+00
3.229828469799707946e+00
1.812283972819670907e+00
2.517413202475190293e+00
4.506520984909901273e+00
1.619846662137734317e+00
2.810577690548488050e+00
1.471084581175594153e+00
3.396970450865608893e+00
2.375235215967022917e+00
2.137174166715846813e+00
3.899672366273365665e+00
2.578706289411780261e+00
4.242292154685079808e+00
4.899378639156294568e+00
1.468319010762697552e+00
1.982161362738131150e+00
2.855655110149280862e+00
2.253560820357490613e+00
2.053765681490155703e+00
2.811401544427259314e+00
2.194286836405961783e+00
3.079937516416752175e+00
2.067509698735524815e+00
2.711940716697614828e+00
3.455772289662602414e+00
3.455912127894742003e+00
2.552268510977079075e+00
2.712534098567350949e+00
3.738356903930058817e+00
3.527443126025496145e+00
3.291591470939954522e+00
4.875708953009894486e+00
2.872445126542958249e+00
3.051965892168981842e+00
2.657067355127101127e+00
2.280855800187211013e+00
1.731915933086466630e+00
2.092125613318369215e+00
3.933380015385278927e+00
3.414219806938931345e+00
3.218354463180552294e+00
3.379796363033908069e+00
3.678217129566776489e+00
2.735798923622401180e+00
2.715268712648633009e+00
2.245357640107336739e+00
1.193239774304534651e+00
3.551312053862389018e+00
3.646760819788567698e+00
3.556524560483083963e+00
2.481202164319909365e+00
2.413897657110749329e+00
1.853664508069307715e+00
2.511686041100718469e+00
2.067010972280681091e+00
3.565842248042951024e+00
3.542949981646934976e+00
2.291709974721147347e+00
4.227601562058778129e+00
4.249543497927394498e+00
1.981007018160373168e+00
2.667746855162754560e+00
1.766496840543940738e+00
3.363818475565629296e+00
2.399569827354549822e+00
2.929614495611243985e+00
4.420060038882841269e+00
2.132610798753848513e+00
3.533859511026083755e+00
1.924723353263470660e+00
1.878255491350707906e+00
2.365833453945160425e+00
9.133889143116942222e-01
2.455636162981453374e+00
3.088412905776966255e+00
1.339532778885384356e+00
3.201031580209550587e+00
1.416412071906737680e+00
4.169344348281413204e+00
4.178596213480270549e+00
2.317526524582083081e+00
2.089471054818325957e+00
2.573171680376769022e+00
1.856816684903464854e+00
1.989328491662043508e+00
3.388829471947903738e+00
2.273077225443374427e+00
3.611607520552279293e+00
1.991970490428640161e+00
2.807233812266075823e+00
2.829496231078300283e+00
3.231966970332732281e+00
3.719567841878625547e+00
3.114442826132814979e+00
3.369148401537246595e+00
3.487497205207432227e+00
3.914112296478056141e+00
2.211658442337532282e+00
4.304258819683250081e+00
4.976019252190948094e+00
2.099594290759321691e+00
1.802989177407748667e+00
2.830471729384110624e+00
3.427167718758879378e+00
4.062618520907504305e+00
3.789263455685597304e+00
1.845832536492098885e+00
3.379585091423869425e+00
2.085436574282550026e+00
2.556335029323335117e+00
1.834196772853328383e+00
2.950731818211518753e+00
3.904299700421009600e+00
3.255664132763440577e+00
3.648619184824625439e+00
2.053526968599697966e+00
1.471928644519394425e+00
2.470999409268507474e+00
2.556899689010076582e+00
3.209016206264957205e+00
3.167463926030250398e+00
4.851549367478536823e+00
4.368597347766003836e+00
3.058621189436956822e+00
1.848480293922722950e+00
1.894520908719426799e+00
2.660565217985144670e+00
5.000000000000000000e+00
3.088982346725960948e+00
1.696261534312621055e+00
2.473687692735818455e+00
2.223557990521983996e+00
2.414626032553119028e+00
2.704385284871098971e+00
3.532011026056905312e+00
1.376693202313678643e+00
4.361174517150171681e+00
1.503935159917415998e+00
2.687918414926485866e+00
2.201084591206372121e+00
2.242057971890570656e+00
2.277045955548359313e+00
1.105223952905707518e+00
2.844650537807382751e+00
4.713473991888148973e+00
2.174155491816442076e+00
3.469479118756417346e+00
4.013034701445370445e+00
1.503430990850751936e+00
2.975102175596619603e+00
1.209890695220482870e+00
2.851026675987508696e+00
2.845784517853089834e+00
2.974501264765321285e+00
1.669086032935933606e+00
3.672081714298699229e+00
2.357058710812698354e+00
3.960637365271869381e+00
2.298701112095495436e+00
2.047692670048104180e+00
2.841277128403815855e+00
2.794073168386629114e+00
3.754513929826415630e+00
2.679257869991507501e+00
2.630369954739633975e+00
2.147922209130752602e+00
1.786021513577754849e+00
2.513609122546780927e+00
5.000000000000000000e+00
2.764563929475166049e+00
2.531844555253151441e+00
2.765175192903411183e+00
2.580886198111871810e+00
2.902957724309930043e+00
2.038878270193098530e+00
4.422849298032168974e+00
1.239051939453171602e+00
2.045966640698518635e+00
3.927591351110915507e+00
3.294206172336244354e+00
4.089517643841878325e+00
3.470205536409797897e+00
2.755240110607591220e+00
3.984358476990956799e+00
2.798222824054500624e+00
2.669769411243669399e+00
2.095232824901194668e+00
1.939109834600963200e+00
3.723953051004089243e+00
3.619138420385384247e+00
2.531709405482663211e+00
4.989726735819440151e+00
4.508977134027221112e+00
4.765900597869112687e+00
2.214871191943489581e+00
3.050710816591690744e+00
2.640789314307549152e+00
4.284040787546517848e+00
2.601855785249517883e+00
3.912054945156258956e+00
4.239658721211291947e+00
3.586598104895106776e+00
1.544397316764990258e+00
1.846719854562770102e+00
1.753642424343598183e+00
2.415072928492920212e+00
1.974480940343552593e+00
2.288015250434514591e+00
3.483570188116905886e+00
2.681043790887805311e+00
2.939428661653700647e+00
1.943233243499117968e+00
2.398667872682695101e+00
2.350498995914556577e+00
3.586229432748121670e+00
2.509164801872485917e+00
3.989908925050321020e+00
4.387552743202761008e+00
