4.639273976859017878e+00
3.863690318821223268e+00
4.398270738706369087e+00
4.332145082360423061e+00
3.994362051195296193e+00
3.761117884634028297e+00
4.488756089710911112e+00
4.384513707843304076e+00
3.780541900410341771e+00
4.643144409182498933e+00
5.000000000000000000e+00
4.533018493204719945e+00
4.186786177236282214e+00
3.942828302659048934e+00
5.000000000000000000e+00
4.250010273872513622e+00
3.263754055542809063e+00
4.250179434493274400e+00
5.000000000000000000e+00
4.361150470746355978e+00
4.635592842821287363e+00
4.250869020038354762e+00
3.334404683916571077e+00
3.828373636671281499e+00
4.140941353303142947e+00
4.281136714624636852e+00
4.642422131475855807e+00
3.794017256895527712e+00
3.918870554134719075e+00
4.071917803445245454e+00
3.999966278859046209e+00
4.156709343710783600e+00
4.068854178976625491e+00
4.682342557744739509e+00
3.885849371949243736e+00
4.292853328382092215e+00
4.376694970900929960e+00
4.205228071957700209e+00
3.908046006952774487e+00
3.945377249861821145e+00
3.458985611279977501e+00
4.386634161654955122e+00
3.424768893535273140e+00
4.164779951815013703e+00
3.884527673746066778e+00
4.381191310577310816e+00
3.399234273229163161e+00
3.486287416696916441e+00
4.266188529627916282e+00
4.034186124275828789e+00
2.940276400917071431e+00
3.059374349350236333e+00
3.364785807418030128e+00
4.965669699614327470e+00
4.246777704728359026e+00
4.448051577011451485e+00
3.865651841806366118e+00
3.347311181351857901e+00
4.387959646765061450e+00
3.567277182851005701e+00
4.096875979528380896e+00
2.799495628772446842e+00
4.646411577249589087e+00
2.810781725134896991e+00
4.755453660089282053e+00
3.865923808559268426e+00
3.169636798371706199e+00
3.456874958135335962e+00
3.736708899856313604e+00
3.086188090624566449e+00
4.787767083161080350e+00
2.642649737395081466e+00
2.210645768319027038e+00
4.805662462160897874e+00
4.032664195928608919e+00
4.213031588739021061e+00
3.573052663278090346e+00
3.392186421355555037e+00
2.323846723578401274e+00
2.618239173220850979e+00
3.298934376310064920e+00
2.443525223557159176e+00
1.964512024401709578e+00
2.895417825804905476e+00
2.689974196427291631e+00
3.616355138031681182e+00
2.697525048199091113e+00
2.470525293589842519e+00
1.727550435788260508e+00
2.592294016739955076e+00
2.802577567108884171e+00
3.135739424371395856e+00
4.189467718562861265e+00
1.931967409075578068e+00
4.228394410440689200e+00
3.379473022127843063e+00
2.373996447767356965e+00
2.663894077524626258e+00
1.534757722325821305e+00
2.037943420160563512e+00
4.621426453523911348e+00
2.505253282140871285e+00
3.399248560565915067e+00
1.752698033096922625e+00
2.330269508363870035e+00
3.052549388337512326e+00
3.527754141063164095e+00
2.140505704032193979e+00
3.576787181007221594e+00
3.614297151545162290e+00
1.767725142400891070e+00
2.117715240778077490e+00
2.926552750105724243e+00
1.916428817657547690e+00
4.270375549971128226e-01
2.495803234958595240e+00
4.832919843545493421e-01
2.803764537096186338e+00
3.274159942540628698e+00
3.001143085030442581e+00
2.689256716578667383e+00
4.719172060572759619e+00
4.326237019100762637e+00
3.330254736525233739e+00
3.898843335845938451e+00
3.787697932483271135e+00
4.032404555731842422e+00
4.432784022870512430e+00
4.595633134743234649e+00
3.939302930295004668e+00
4.526553719888255500e+00
3.905974434302597498e+00
3.775676242491524004e+00
3.625906226595595694e+00
4.215080700739591180e+00
4.117781086662601453e+00
3.774250178303929726e+00
4.305961364947030745e+00
3.511387166561771966e+00
3.993788592441451346e+00
3.683312419699963147e+00
3.648760576280440038e+00
3.935981826788482518e+00
3.045894665197479867e+00
3.880559118643158723e+00
3.329519640744084796e+00
3.331333294121604727e+00
3.530827492892381070e+00
3.806083277576446822e+00
3.890747187039715893e+00
3.633453471126251610e+00
3.251934555944548499e+00
4.021559246449314173e+00
3.354759504338141074e+00
3.385179944635290372e+00
3.523184572112177282e+00
3.657068136252273671e+00
3.178809994212194123e+00
3.389475805289361876e+00
2.998064362622848922e+00
3.304744551210262671e+00
2.572693453005912900e+00
3.620870911049781871e+00
3.734278551135600477e+00
4.179688842836833729e+00
3.141821958747676558e+00
3.368641462275836940e+00
3.370242051040267750e+00
3.453925901680679811e+00
4.132985023729668583e+00
3.667187119134573958e+00
1.919527087527592268e+00
1.766491430637004534e+00
2.403115190471411200e+00
4.208040593882598657e+00
3.414024835931269042e+00
3.929945505541497131e+00
2.342528558051337306e+00
3.403891594370396678e+00
3.376798028099519566e+00
2.691360069949237044e+00
2.038030133395367205e+00
2.624351543297923417e+00
2.800359138483026644e+00
3.192459282328092396e+00
3.367848615923394906e+00
1.393288454918598873e+00
2.563626810148660784e+00
3.062728300467869591e+00
3.270501619947257410e+00
1.894456778696663513e+00
1.590637042735670192e+00
2.814145188389844066e+00
2.934817030607757893e+00
4.329304515709893053e+00
1.662681802818998023e+00
2.026092088022830584e+00
1.662258166581713326e+00
3.291036189133222933e+00
3.240264229705055676e+00
2.223852866907817472e+00
2.854234796204970337e+00
2.685516776668660732e+00
2.454353300203603538e+00
1.619026578518651949e+00
1.176059690033439242e+00
2.554975753962579699e+00
3.236484563686226501e+00
2.434632341517889653e+00
1.511717271137889451e+00
1.704224826118529101e+00
1.044560508275484301e+00
1.649385932434342283e+00
0.000000000000000000e+00
1.121899910585697491e+00
1.231684440019256144e+00
2.474441833986336103e+00
8.437538075354256151e-01
2.413286400912318719e+00
2.372764175086464755e-01
1.960518516384844201e+00
2.352764839677702113e+00
2.268309716619663963e+00
2.964271822264386014e+00
6.288512103268366626e-01
2.523207630105199772e+00
1.901509237082375403e+00
0.000000000000000000e+00
1.517106422974387137e+00
6.744830578269660482e-01
2.519509974886016579e+00
1.106499068491356486e+00
9.824549509881868037e-01
1.443790644274799639e+00
8.123497483708888023e-01
1.744892525467166777e+00
2.325199801090672924e+00
1.002703011052723747e+00
4.428912182971165290e-01
2.356598522131717388e+00
2.095214934725672773e+00
1.889411291935897630e+00
0.000000000000000000e+00
1.205588290357999970e+00
1.353447722389669927e+00
1.309209210524603151e+00
8.995315312287330833e-01
0.000000000000000000e+00
2.481680380294223109e+00
