2.432366405015833788e+00
1.717405735269978084e+00
2.677740086648201956e+00
2.901272830186414797e+00
1.826181719034498663e+00
4.156333222997082188e+00
2.306250312764344557e+00
4.460450615948367670e+00
4.466936399630476728e+00
3.233903592683627259e+00
3.136586595043516557e+00
2.234557263428966767e+00
2.204818708076838440e+00
2.847610216933009752e+00
1.307582220900435299e+00
4.870337775830424931e+00
9.315752458219119791e-01
3.016148259776063600e+00
4.179181061003140130e+00
2.076611240427218785e+00
2.495311278411826983e+00
2.673673689088515548e+00
9.514759991403118899e-01
2.014569800059829774e+00
6.064675694931889183e-01
2.747147694747893443e+00
8.977529226698457432e-01
3.276323626439717085e+00
4.561182972010753289e+00
2.080223282398780515e+00
3.653326962434023439e+00
2.141664319612289535e+00
4.616762044112471486e+00
2.069211849282203364e+00
4.127052416753640429e+00
2.351227487745208400e+00
4.282553917744660765e+00
1.528646868397549152e+00
2.398962236299941875e+00
4.663906725573530920e+00
2.631532079412247427e+00
3.824653577188053877e+00
4.299736852803491161e+00
2.422606309972088479e-01
1.960178592061941227e+00
4.437160347081597678e+00
2.541536053900267378e-01
3.266479608710974425e+00
2.636322079954980246e+00
3.563421091841277200e+00
2.987712476939078599e+00
5.743663586820724198e-01
8.873475118382738724e-01
4.916471754265858252e+00
4.874873790201526447e+00
3.530371765378303106e+00
4.881711078238474499e+00
3.209653572861635995e-01
2.897380482776672483e+00
4.124231828481855544e+00
9.395242081246502064e-01
3.203716406860013244e+00
1.107323749236246213e+00
2.764473718282855152e+00
3.406244601117781823e+00
3.850185185016827827e-01
4.282196404933653611e+00
5.000000000000000000e+00
1.482006840888041577e+00
3.297356300297224596e+00
2.742512226905447381e+00
2.321043403895783452e+00
2.625285149336426205e+00
2.405683636175698137e+00
3.492939144399264340e+00
4.566207609411762292e+00
3.584419563004265452e+00
4.371939308889148279e+00
1.420028271356145178e-01
8.157924862455143700e-01
4.432406632999729368e+00
2.242589738377304798e+00
4.161209495338903608e+00
1.928879237806472968e+00
2.285313286108814790e+00
3.908538450976234646e+00
3.315449299324942700e+00
4.917496674250502409e+00
7.143852965516508391e-01
2.727214946843734555e+00
4.129562928554651791e+00
1.453891717529463001e+00
4.291906149289063777e+00
4.280818217849137852e+00
2.591520603145057056e+00
3.733233920337341250e+00
2.665392283853853073e+00
1.105580966837809154e+00
4.432961616036141805e+00
2.804940624401977889e+00
3.800079548967036036e+00
3.235938294974307627e+00
3.400838696058734012e+00
3.372813299906273432e+00
3.014865704368121069e+00
4.043942719245018580e+00
3.202304367472294189e+00
2.033015331160067163e+00
4.096324340169458011e+00
2.159764411662534300e+00
3.582628236451990578e+00
4.344681773846298611e+00
2.993387156090450141e+00
3.301488717047033283e+00
2.919554672070512336e+00
2.730755226749148168e+00
3.916614686898154840e+00
1.843033881225557113e+00
3.046824119503065420e-01
4.159683503750347455e+00
3.504916483224324697e+00
3.705143692039736703e+00
2.023597183115820375e+00
4.618562401567757547e+00
2.168870549525089508e+00
2.038790548060119612e+00
4.061917357179986254e+00
2.826610205137346732e+00
4.114351685499443079e+00
3.935741305391452283e+00
1.117300449962325803e+00
2.269960510395196973e+00
1.940200511271855444e+00
4.001792329730443853e+00
1.657232908588404996e+00
7.443888366656066236e-01
3.027681098733696619e+00
2.529341218089099286e+00
1.172965420821494797e+00
3.769396165328516179e+00
1.359741410794112149e+00
0.000000000000000000e+00
3.236010878060893603e+00
4.405382883762115398e+00
1.560036303148839565e+00
2.147791618821862869e+00
6.545875132966971766e-02
3.172531236881836136e+00
3.282910614574305441e+00
3.769518106617300024e+00
3.489500971171048516e+00
3.374599596910845545e+00
4.093578181120367532e+00
3.858627728560304337e-01
2.255183466832667794e+00
3.564858935173748744e+00
1.859710506183109402e+00
3.026640793110613181e-01
2.375065997025883391e+00
1.990484951732386376e-01
3.132257420805063308e+00
2.199220385910336084e+00
4.417067115253070497e+00
1.156201967574093104e-01
2.081760211982029762e+00
5.000000000000000000e+00
3.352579662364105761e+00
2.976485265543776570e+00
2.622396462699370989e+00
2.871866747094605987e+00
1.579661009595781263e+00
2.981591177467508569e+00
4.822026685215807795e-01
2.122541500773403644e+00
1.880476675597680725e+00
1.130055957562442703e+00
4.422780660854634505e+00
3.263996575515148102e+00
2.770329124791021336e+00
4.256407306834342208e+00
3.559582585887076878e+00
2.369367110113414832e+00
7.033853734220261167e-01
3.814898599971889848e+00
2.304010963804203449e+00
1.723643073472365117e+00
2.429885120547625732e+00
4.341384667397585773e+00
2.925153022102227052e+00
8.923592976902230411e-01
3.141706323543406842e+00
4.084792273387005679e+00
4.025418947176328643e+00
2.599479414298342395e+00
2.794581328567958600e+00
2.692470749955287790e+00
2.853267594773737148e+00
4.489274763977316951e+00
1.371434856772270283e+00
2.947917449551204161e+00
2.674138961269885151e+00
2.862101061087687803e+00
9.055896952550641643e-01
2.330089113187598038e+00
4.944211006894441596e+00
1.165105480948216199e+00
2.183283556266379488e+00
4.375556817795247966e+00
2.489351054789804785e+00
2.425173273149105579e+00
9.241670170401738993e-01
2.419856053366644222e+00
3.113632946197742335e+00
3.706432802910536228e+00
2.003621285730679880e+00
2.762649213099858780e+00
7.167776086358057519e-01
4.730354109525720219e+00
2.385776209952621407e+00
1.458441218279808105e+00
5.265271879677693168e-01
3.005956327516328574e+00
2.394074904256087155e-01
3.060714266411689310e-01
2.760053128171078285e+00
2.670590518869255359e+00
2.397763852073079960e+00
2.332933913928280312e+00
3.089852600898509438e-01
4.351567009471164482e-01
