4.297659723453415737e+00
3.014704614105226943e-01
4.531711497485751750e+00
4.111887565045146076e+00
3.765713143774527705e+00
3.828227948679556736e+00
4.460151802568114832e+00
2.936511762402532977e+00
2.824183957054458904e+00
1.860866236974187959e+00
4.120303621777178904e+00
3.986089090045660033e+00
4.120291635924688833e+00
4.676646833748783649e+00
3.484634778182694514e+00
4.511229587565095400e+00
6.986150996126725410e-01
1.823770323844562391e+00
1.978508142939454206e+00
4.445555972370717868e+00
1.397144147261468294e+00
3.938438580611556272e-01
4.800251782698378378e+00
4.557596486179658513e+00
4.624856706037101972e+00
3.623020525803502867e+00
2.836487242262336395e+00
3.735238556965812418e+00
4.667712475381250670e+00
2.806126692243391396e+00
4.828142787561928273e+00
4.046717043173776673e+00
4.359423711588329198e+00
4.099102473906125255e+00
4.216869890992597902e+00
4.556525836901238691e+00
4.564574425792860879e+00
4.246885826624472671e+00
0.000000000000000000e+00
4.495982066525552767e+00
5.941514395387990088e-01
4.437174280779757396e+00
5.000000000000000000e+00
3.952491727631253671e+00
2.390385172052027496e+00
2.142810024741859110e+00
1.616416814692573478e+00
4.619789009673993974e+00
3.492700938835670232e+00
3.247500544085339946e+00
2.098224723294432881e+00
3.661180152939571553e+00
4.796202431736089622e+00
4.313285752868203815e+00
4.003174818719918093e+00
2.041128941060884827e+00
3.990045904299033719e+00
4.459280092115054828e+00
4.482582473925235789e+00
2.197716424639478028e+00
1.077488461743649539e+00
4.267645046656411978e+00
4.797774665048956777e+00
4.021163782320556379e+00
1.896887734157850058e+00
4.827377353210628996e-01
4.155263153799220177e+00
5.000000000000000000e+00
4.140206718260014185e+00
3.877012964098379921e+00
4.631155854672806882e+00
9.199425993663559176e-01
4.371027888939121198e+00
4.814120253321865661e+00
4.904182776309276903e+00
3.682990334122535625e+00
4.206279471705066442e+00
3.798171249189305154e+00
8.693298378309770591e-01
4.517412904126787865e+00
1.140328434969223537e+00
7.160147279924571340e-01
4.481202100872863525e+00
4.587939475966615888e+00
4.412616872283281921e+00
2.329143347856502455e+00
3.919610708059695359e+00
4.619494030724990097e+00
2.356923728828905773e+00
4.010475210123447098e+00
4.197919393144006861e+00
4.682191330523995276e+00
3.721421573189894527e+00
4.730791413529884082e+00
4.268480805387545374e+00
4.585925400604041968e+00
4.225138374063757141e+00
3.094290563188089926e+00
1.398245314704945841e+00
4.566234247294930881e+00
3.150746887633718796e+00
3.529031381093655551e+00
2.740634871849557452e+00
4.470742526986024146e+00
3.956322527010608159e+00
3.905277268874854268e+00
3.482825483069897476e+00
4.719499626900171663e+00
4.442840208901992938e+00
4.474857864522038042e+00
3.163749166775637889e+00
4.222506436092942295e+00
3.755463486498036740e+00
2.162366887831066897e+00
3.859975611925157590e+00
4.416746837516539514e+00
1.398922385426923043e+00
4.130523395583768576e+00
3.927463179296478035e+00
5.203294645310776456e-01
4.519732157933043837e+00
4.386165644894617799e+00
2.359883324666686377e+00
4.638986260757157254e+00
3.964857541113585793e+00
2.025525734297032088e+00
2.514854660046205392e+00
7.341701579631729757e-01
4.637881982589018293e+00
7.722252943885623555e-01
5.000000000000000000e+00
9.396519308903106271e-01
1.933060300584117819e+00
4.586429879819034383e+00
4.277731483200264861e+00
2.190851560162566880e+00
1.914577316386376626e-01
2.911796963953185990e+00
3.136029647028733880e+00
2.948607239684741810e+00
3.848412787083643760e+00
2.521132733296716388e+00
4.529801573448548169e+00
4.482672373119488185e+00
4.240342365101797739e+00
3.762940079974171237e+00
8.215779364413746677e-01
2.452285554215993368e+00
3.647740828215535469e+00
1.987244924125286527e+00
1.657787023509143864e+00
3.540029604746213199e+00
1.869311240926448736e+00
3.868947367434401929e+00
4.259555722573709957e+00
3.843020788532650389e+00
2.575738029977197918e+00
7.404840128252778708e-01
4.065192468547659033e+00
3.913962351092934444e+00
4.580880675692107218e+00
2.188808899830569477e+00
4.933667704432723511e+00
4.145733458205336674e+00
4.641445635620318200e+00
3.194076409494271740e+00
6.906153777403594152e-01
1.540399804829027275e+00
3.031685590869100277e+00
4.832210435885308186e+00
4.515604422999144774e+00
4.403129781505509044e+00
4.376622939509793753e+00
4.038785600574662737e+00
2.030525699527776951e+00
2.804616870001590545e+00
1.197757006161983773e+00
4.010211076942580277e+00
4.605274685320869921e+00
3.826921177370413485e+00
4.530827036011306319e+00
2.373961016512568190e+00
4.469602538974120076e-01
7.920826534457163781e-01
4.110684169457993420e+00
2.931668542655136545e+00
2.018237436454731526e+00
0.000000000000000000e+00
2.775169299324542926e+00
4.207070556203369449e-01
1.016710346310689239e+00
3.647835773904659629e+00
3.882223790142939723e+00
1.212438853350678913e+00
4.543824887012464231e+00
4.522897132426660249e+00
4.105460850691573071e+00
1.281220703076789480e+00
2.254978735166908610e+00
3.551966082134188962e+00
4.451035894350690469e+00
3.876961743410849426e+00
2.208427801576625438e+00
4.068027511980670141e+00
2.438272046070603327e+00
4.546758077022959199e+00
2.636492058073398148e+00
3.847337762549636775e+00
9.705365584729972461e-01
3.968862495338754126e+00
1.771871710108166909e+00
3.754401421761605295e+00
1.169228156209147995e+00
1.919880112569431141e+00
3.721732206876253723e+00
9.899343637586055511e-02
2.648253382360830965e+00
2.149445694306180599e+00
1.831607812097296950e+00
4.030868959800182338e+00
0.000000000000000000e+00
2.090720110505802420e+00
3.846615605935143289e+00
2.518257176604092429e+00
3.426863364985079041e+00
4.746337207604065966e+00
1.222642113504489592e+00
1.154757128572162950e+00
4.157195027925562059e+00
2.252383843407062880e+00
2.855834797793974644e+00
3.039604039921312673e+00
0.000000000000000000e+00
1.331921293045159604e+00
5.270138640110491046e-01
2.350092161058398244e+00
3.412253409105442170e+00
1.883203616428209770e+00
4.622081799397557589e+00
4.843139224859909220e+00
3.904844283830168905e-01
3.426936118393113073e+00
4.099912385897024336e+00
0.000000000000000000e+00
