3.555985915138772935e+00
3.653637207156917643e+00
4.559826416625025303e+00
2.668095509737750781e+00
2.911683432176551900e+00
4.262271376577741577e+00
4.055715648707352017e+00
3.933650766594996906e+00
3.741724280477078945e+00
2.593805119735444809e+00
3.286853170389845591e+00
3.971221755753000959e+00
3.697072087188822298e+00
4.375740890319409715e+00
3.153160852519548918e+00
4.015000321028898256e+00
2.860264912504859591e+00
4.725368145506172013e+00
4.337709265270243364e+00
3.810975674296515958e+00
2.723312722757147419e+00
4.243332548168226026e+00
2.813488413282675626e+00
3.777678620771399931e+00
3.770498081633157472e+00
3.097564046064118504e+00
2.761019382421831203e+00
2.584352808726043005e+00
2.119224663678547671e+00
3.108946851216121132e+00
2.320033545141774400e+00
3.161152527594592421e+00
3.503667742497875270e+00
3.685341548522460986e+00
3.251324308865547685e+00
1.822926492983655056e+00
2.394034388841870697e+00
2.947416664958389720e+00
3.167321974430862497e+00
1.200137129131521263e+00
4.246331578759697578e+00
2.517812460016215503e+00
2.665079877342684256e+00
1.994484632126312107e+00
3.411120552285833885e+00
3.287538297368851836e+00
2.565653109874209914e+00
2.469473952553600693e+00
3.653041922038069433e+00
3.034634551008191128e+00
3.636465473209256505e+00
3.550773761115662897e+00
2.689903149370700408e+00
3.378078508473568942e+00
4.002108089478534581e+00
3.203913348733666400e+00
3.935838428611806439e+00
3.358795146358718231e+00
2.646925570725397137e+00
2.175078448437079537e+00
1.911965298866034946e+00
3.279339218982512349e+00
3.517353336917637296e+00
1.771630113110529425e+00
2.866036116402440825e+00
2.823324394379441493e+00
3.469146623695756215e+00
2.718548433229272643e+00
4.105886941346664543e+00
3.531732563256742008e+00
3.709249106225652515e+00
2.568709416064275164e+00
4.324744937987860638e+00
3.018938009584250626e+00
3.165753946992676315e+00
3.760872848664392532e+00
4.638319235216341596e+00
3.494179102630285971e+00
3.617079058954165038e+00
3.360659474633750587e+00
4.222737502727795800e+00
3.158586581902509849e+00
3.785240212602292598e+00
3.094676456037395162e+00
3.688092323749252888e+00
2.421954180607471585e+00
2.853998688184462118e+00
2.112622724763729920e+00
3.384000035690597930e+00
2.365051999267589355e+00
2.588434868852385939e+00
1.925334256658259857e+00
2.425110881602055013e+00
3.698245768735317629e+00
4.374353195580168219e+00
4.001014873925504034e+00
2.401086392244493606e+00
2.353470904176327316e+00
2.581260825047409391e+00
3.626648042405427486e+00
3.193969322035017377e+00
2.813856102568432771e+00
2.624889281840717459e+00
2.177813764351647752e+00
2.629132246241483895e+00
3.835251835362001760e+00
2.674098191026347049e+00
3.759992188598831664e+00
3.325235153929276155e+00
2.360644642889077272e+00
2.431841193603730744e+00
3.597155036763970859e+00
3.286209540955575825e+00
3.083184237762342850e+00
1.730156074390552412e+00
2.455625571429022713e+00
2.075473435864558791e+00
3.480097934995284970e+00
4.068281382644508781e+00
3.404001909251805014e+00
4.137600828211157378e+00
2.790798075513107435e+00
4.315781671668744934e+00
4.107570061686686813e+00
3.249710574361601267e+00
2.136419480719700115e+00
2.739722450850881508e+00
3.911430138390693312e+00
1.636245555951739927e+00
4.704718021777329895e+00
4.073300589122000659e+00
3.496170332307984463e+00
2.578085936966845182e+00
4.498024378356680231e+00
3.255241274500170867e+00
3.752728367320516956e+00
3.336656478576400353e+00
2.436555580490015416e+00
2.614593760977800496e+00
2.446020325843027088e+00
3.587722434482565337e+00
1.401025922946624647e+00
4.132098588635741976e+00
2.362910837489534455e+00
2.433965351113828390e+00
2.309392444106894260e+00
2.751092012892065064e+00
2.002057814790496604e+00
3.413244424299419766e+00
3.554921976595298627e+00
3.596863918099451940e+00
4.225087528636317202e+00
3.397745288970625221e+00
4.307056758407535213e+00
3.924341301195723997e+00
2.781180599460942648e+00
4.123327078128985690e+00
3.765102336568580288e+00
2.057283254804621375e+00
3.866791791260915101e+00
2.437415220368483570e+00
3.143824285928527917e+00
3.057809114094865777e+00
2.974732972179463086e+00
3.037896596115510217e+00
3.566347683537600677e+00
3.098516260530545630e+00
1.862305868219388483e+00
3.004781104356514021e+00
3.307161369812326779e+00
3.026990567398704535e+00
3.338259434022489369e+00
2.100203637210600771e+00
2.970192984135271441e+00
2.441853811194672375e+00
2.653388796127196692e+00
3.046479177788419257e+00
3.642818025580614627e+00
2.104343893055772075e+00
3.271544615431477787e+00
3.281536972474722536e+00
3.498745765632269578e+00
2.475737068898810289e+00
3.251789099873750644e+00
4.001998749728034710e+00
2.373907165167158606e+00
3.411503613772203902e+00
2.745940769307726459e+00
3.319637738318218734e+00
2.871187533026601013e+00
4.566021940631893372e+00
3.813438856734671756e+00
3.363840097205335500e+00
2.769887908923432729e+00
3.025048967180610227e+00
3.436863004698592849e+00
2.665197839305673000e+00
1.967305579962618900e+00
3.110532910430847675e+00
3.622217948552563183e+00
1.960576300136056549e+00
2.295612739909982380e+00
3.384227006207105592e+00
3.042877889140885639e+00
4.344773983802422634e+00
3.091010092264776521e+00
4.427499158924733891e+00
2.395364088731141372e+00
4.154541981718812949e+00
