4.52002091849
3.37118787169
2.16800940722
1.39951423911
2.69825361239
2.16232680682
4.47258218588
2.72238688969
3.34741704043
2.87998311675
3.05960505435
1.89668316559
0.659600605463
3.50517781053
4.19102448322
2.11056998325
1.98664591879
2.55327736373
3.2829875443
2.50433895814
4.48183937646
2.59705715424
3.23269827765
4.33453352181
3.28426539482
2.71783746321
3.7027501275
2.79435528697
2.63408212076
2.78102262526
3.81845436585
4.47329904927
1.79043510052
2.73565751462
1.75582800501
2.93185793774
3.8254419274
2.18572983411
2.77195325278
4.68623609877
2.02956112455
3.33688834201
1.41675041319
4.61840118002
2.84438220118
1.18668215672
4.12787135659
3.17755977909
4.73405226944
4.84303209883
1.68586112255
2.62097214902
3.08089263349
2.3562640844
2.03387414584
2.86270308521
2.15626202023
3.79039584907
2.66741384558
3.35720552187
3.69278540682
3.90800847954
1.65650453494
3.16974557439
4.48315986138
4.01512585118
3.23452636184
4.77692663654
2.86076451938
3.35849745127
2.39859181644
2.7165021983
1.67549730418
2.91273836872
4.44243343172
2.76385493956
3.25717967844
4.03517358393
3.31392268211
2.60481068806
3.2313913776
3.08219708904
1.88116099628
3.93940128253
4.05325135963
4.2656109039
2.67461215853
2.89597815419
2.28433664988
2.4156044279
2.08556403071
3.32711257713
3.58693495469
2.74219331734
4.28567232767
4.34081040496
2.58894561171
2.98701874672
1.89927117308
3.32100672875
2.90110747229
3.01885742297
4.33625837888
2.28522353254
2.89753238271
2.21902077399
1.98274109357
2.19479383032
0.693530076969
2.04699831013
3.50711939051
2.00408582028
2.75337230107
1.95490774915
3.83043865217
4.68978120763
2.66021357705
2.19023066641
3.15645397783
2.6292787043
2.17436258812
3.91334538256
2.76675401372
2.90436818507
2.26757891599
3.21207031586
2.25487197708
3.50929344129
3.96291272305
3.7453333068
4.17788786221
3.35340993328
3.36215485563
2.06416222865
4.13283802646
4.64146269499
2.68615128023
1.69541789328
3.25107289258
4.07668633851
4.15603827873
3.93639383073
2.31256643907
3.78865381801
2.12997542103
2.60908294464
2.48094352875
3.24905651203
3.94737565506
3.7100351518
2.82548887406
1.35411779986
1.57741332125
2.7399721605
2.48797317915
3.57790674075
4.18796647253
4.64648164002
4.23749044907
3.74945337554
2.4317382972
2.21748280108
3.55393487859
4.62697995763
3.71479504245
2.39190279873
3.15297060899
2.32587280727
2.68845471395
2.50287723223
3.72465269628
1.59673779489
4.72282237866
1.70999932134
2.89795030696
2.23735615348
2.68729882271
2.81494362364
1.18440727157
3.51379643672
4.28882976255
2.52173241403
4.12593913778
2.95787169349
1.67072302507
3.34926696085
1.76343567386
3.51744474088
4.09254746972
3.755879115
1.69783188074
4.03235452355
2.44102186148
3.77418005221
2.71938269445
1.4666384463
2.90701900545
3.76640390849
4.29597663832
2.57933750853
2.91643472709
2.41695914327
2.37046566688
3.78212892278
4.77432575726
2.99750314317
3.23386290285
2.88847758828
3.06614276358
3.11702211386
2.54035902252
4.78255702588
1.28087963109
2.43698520646
4.07908587689
3.83672153052
3.12447955559
4.46315940847
2.47394033979
4.15909297586
2.32656881052
3.07724962014
2.61554545548
2.12027546142
3.34488526716
3.8997495325
2.31081808708
4.72405293451
4.40283966409
5.0
2.54514975025
3.62156529898
3.21650611546
4.57937088633
2.19579044751
4.1576975181
4.50287328123
3.96424293589
1.94155788004
2.21716419959
1.63489341996
2.36604116719
2.19772943069
2.35824873382
3.4560599638
2.77788289647
3.00871353229
2.43527380715
2.62824860888
3.13779835228
4.28646374743
3.04408970421
3.89702576333
4.40082700436
