4.68189927504
5.0
4.60665753983
4.85389115922
4.4039229504
5.0
4.38574346023
4.3288360168
5.0
4.41195039461
4.65321394839
4.55863938685
4.70049726781
4.90561717524
4.81024207564
4.3393236681
3.95072808354
4.65610172681
4.81998628789
4.87842694197
4.7601584992
4.52902072632
4.12854428169
4.01299452884
4.54952383395
4.56644189349
4.21035704858
4.09978843075
4.75671639986
4.45675531274
4.0774462496
4.39760663224
4.61634747029
4.50355383334
4.47487736953
4.87925213983
4.73442459992
4.32792220928
4.30360605091
4.03395157715
3.9616772751
4.63587853791
3.54691732337
3.57198684128
4.15730258818
4.25450279068
3.50729253219
4.02007932469
4.3061260985
4.13909024036
3.15620119092
3.40656077537
3.49558596736
4.4863068047
4.52258439821
4.5700748731
4.22914820482
3.12345980295
4.61678946809
4.13398991023
4.38075727507
2.91744142102
4.15894713389
3.09725406692
4.4669181229
4.3328111762
3.29983967895
3.96941448428
3.69468464933
3.26468249456
4.54907351894
3.13143801947
2.80945843012
4.8531872054
4.22183235708
4.30390884984
4.03573107482
4.07863881071
2.61896741049
3.23304095082
3.14245992969
3.04535018107
2.11564715793
3.3859665393
3.34409300422
3.73812829805
3.55269260295
2.9891004868
2.29297743995
3.23316703207
3.26408888027
3.67751404554
4.11221028176
2.50675415858
4.36571303914
3.86497454456
3.03893926864
2.65097092388
2.14391961046
2.56837166472
4.50142680656
3.15958974125
3.67634672814
2.49110956903
3.0442282413
3.69949386266
3.49912743237
2.57685231669
4.02754129617
3.93247800378
2.38248625729
2.29040809697
2.74765557297
1.80759165965
1.15533352752
3.33788623746
1.06256821567
3.16729804189
4.00618425235
3.32485286758
3.16723558263
4.85745777572
4.42772796025
2.73472857336
4.87467913825
4.11262931022
4.04058330598
4.57759414791
4.69766961407
4.92993788338
4.73589340731
4.82003053606
4.30427100753
3.86154742116
4.46181097943
4.35379710046
4.35117572395
4.33099696457
3.84621188974
4.05078104124
3.74256975089
3.50048217893
4.14381351452
3.5233695312
4.26910434442
3.45701159278
3.77048056498
3.64816196133
4.08087231656
3.83668715889
3.94615598179
3.77903325726
4.19650379575
3.81470915796
3.75218593113
3.87619719418
3.84567872723
3.39650169823
3.65465628976
3.4018067677
3.59004965769
3.24522036438
3.87224181779
4.17872799142
4.33918294571
3.77021181675
3.71778541836
3.1868178756
3.505060207
4.50178490537
3.83245604464
2.61077287489
2.08592724624
2.55629201238
4.49440894605
3.59184769303
4.07319090815
2.28182448773
3.75536961862
4.00817257234
3.10111346897
2.08768414975
2.85954615083
3.12555280904
3.68023887838
3.59378381005
1.99998154214
2.9491727393
3.58006523276
3.82023684206
2.48570237744
2.12354813077
3.46104855408
3.79867270065
4.72177922203
2.29727852286
2.44800887105
2.22544326884
4.28018500913
3.68127512793
2.87537407499
3.37676649217
3.27508675846
2.95891141724
1.89624145155
1.66828896038
3.17178190205
3.83553375023
2.88284658131
1.81187321722
2.35307523121
1.76935499671
2.2733428951
0.246119102231
1.77887361423
1.67691053239
3.16705379284
1.370353618
2.7402942693
0.82361030118
2.84218678593
2.61993649383
2.71750708814
3.3917605558
1.14613467545
3.14928979995
2.58758734406
0.473864886243
2.2582808
1.07297637485
3.08194613164
1.72473692032
1.56955099593
2.20005537537
1.38375946498
2.50607895108
3.00740073331
1.84656704565
0.916668148724
2.76466746955
2.48197427313
2.26314802767
0.478131179515
2.00249929905
1.94219906302
2.04732973027
1.58457472662
0.119216053671
3.0913258764
