2.79910996088
2.56887291099
3.3354467379
3.33563856035
3.18026360634
5.0
2.58786335225
4.87074570989
4.97171812761
3.53577529253
3.79329216703
3.11398181078
2.67881203821
3.17186233667
1.24188119455
4.83972575451
1.53492395087
3.18978066888
4.72308647377
3.15013683514
2.7805103355
3.23104532884
1.01349604651
3.1342717453
1.29936595978
3.21893266851
1.51174404876
3.43042819048
4.76672425887
2.70517092839
3.90627424324
3.35967169882
4.8074206137
2.79022300326
4.38929867552
3.25044614762
4.2123466454
2.8391047655
2.64015221192
4.8674189794
3.47742767289
3.70357512402
4.42838676718
0.609774234894
2.80329661661
4.73503922407
0.919351117434
3.6402939128
3.59452969676
3.60067454123
3.4942844013
1.01801508991
1.57193333037
4.85574879805
4.8150434554
4.15092100619
4.92423687226
1.09176484747
3.35257671229
4.13418951024
1.92703293774
3.73737478411
1.65258069301
3.16804711229
3.85396890509
1.15541390328
4.813802855
5.0
2.37462303093
3.61855993968
2.98821107464
3.00304639574
2.94862656883
2.87121735282
3.97015154647
4.89802577679
3.62410867726
4.47157271806
0.799900537305
0.806331964956
4.73766318681
3.57169323896
4.2920903284
2.74011027798
2.89385804079
4.58761664785
3.7839777274
4.92604542791
1.33666076189
3.44732290003
4.52438898764
1.53797644664
4.8164838718
5.0
3.38818273313
4.02728874256
3.01934637301
1.917778275
4.84403757375
3.30300031941
4.58929287213
4.14010269417
3.96361780438
3.65629812522
3.50515775328
4.27041510387
3.19728190594
3.31175205018
4.70978358727
2.59609902189
3.65803343978
4.513137119
3.61946637646
3.71796880916
3.14037024623
3.35372731221
3.94077498219
2.72498556349
1.29661190577
4.60541427038
4.03360041022
4.14822437052
2.61864015068
4.57570952347
2.58173609217
3.26367011115
4.35905047697
3.24662074595
4.35184059261
4.44127794012
2.12350533957
3.05807801667
3.03594202434
4.12278555837
1.58492131661
1.65817143698
3.44810460808
3.31436100483
1.91176880248
4.36945590442
1.53427844545
0.669600665983
3.91329795203
4.83932199509
1.68259793872
2.77071399168
0.672807029071
4.08818223105
3.47568635637
4.46322918595
4.18778738581
3.82244984971
4.37157653597
0.411188625097
2.89790411532
4.06767055336
2.03094069375
0.826418524117
3.31425451089
0.950448179745
3.86054195551
3.24635835768
4.71360394707
0.866702053974
2.82939443936
5.0
4.00011331576
3.57235446311
3.29525733236
3.64259185839
2.34722081041
3.01235509428
1.09574937714
2.89899735274
2.48011489381
1.82948728684
4.74345817297
3.51289856333
2.99917649424
4.52072688309
3.93607968952
3.03804682524
1.12780491734
4.26988746284
2.77243674427
1.94389391344
3.23679158929
4.44415403591
3.62675685211
1.74880554457
3.5761266897
4.47426265363
4.20182180687
3.08823891321
3.63795796702
3.05475826803
3.48361553016
4.79168020415
2.13414479057
3.28452455307
3.18270824419
3.51874993943
1.10082364733
2.70466525012
4.78982530564
2.03727671301
2.84232726057
4.69121868407
3.08847942665
3.47123857316
1.5598518081
3.12050769254
3.64812269436
4.16371691879
2.22403974132
3.18945251121
1.39468751066
4.78802569049
2.89554421325
1.93609282559
1.45113319837
3.42085337986
0.869197724431
1.10651825909
3.62770254312
3.49325803732
2.74050010582
2.66561982379
1.04625067957
1.22374828194
