4.74677962598
1.30111518897
4.67582966242
4.34388907749
3.94527328794
4.83892221252
4.82779583104
3.73893975149
3.24049008637
2.25813378713
4.71290050888
4.71555867303
3.75719472973
4.62838048984
3.77634360993
4.93883311757
1.29841026678
2.55992266104
2.61947056248
4.58759490944
1.99820317527
1.1160890217
4.89883094467
4.871745055
4.97587423508
4.40623557836
3.42927292562
4.36288463838
4.84353189208
2.95498201807
4.90907117951
4.0124217444
4.71621802428
4.32668452913
4.38248879977
4.82401724513
4.87450421791
4.75621073809
0.550952676797
4.99526620235
1.05434875549
4.75320366033
5.0
3.97904129831
3.06954431767
2.53916493584
1.82672131087
4.94615756919
3.74371972246
3.60008281503
2.58911862134
4.03998929772
5.0
4.49518567115
4.37639948243
2.77088229643
4.11507829655
4.90427476745
4.59418286011
2.83982656676
1.95709625034
4.61547362879
4.8538877183
4.04326342356
1.88441584456
1.41883607602
4.4665115166
5.0
4.37358985272
4.61290727394
4.95259198997
1.75678681882
5.0
4.89557009975
4.85784710787
4.10374314476
4.36380194956
4.81698898314
1.61090596074
4.6220358996
2.08601358308
1.74774078842
4.53991203778
4.93213046455
4.58633932256
2.87395934457
4.20920326945
4.71308643648
2.97911216958
4.78770333034
4.33725716814
4.75527253592
4.62995544123
4.5330916664
4.6105247421
4.89872736696
4.44799790392
3.55690215335
2.20745648666
4.83742546798
3.88729564492
3.95324337613
1.9651600458
4.86860700389
4.43636291541
4.06266430961
3.96990784098
4.81917370792
4.63098070305
4.80311803008
3.09969188915
4.76727702829
4.29558055455
3.05027339435
4.47011155855
4.78921694919
1.87225001512
4.09133777922
4.41753579605
1.36744455614
4.71374470853
4.63474235494
2.47196135554
4.94922436612
4.40280375264
2.62268228295
2.95436700932
1.36440865911
4.77259019563
1.10118876445
4.82539256067
1.75789022401
2.550987499
4.8573190885
4.49761456611
2.60754062823
0.93337389575
3.24579157375
3.41241970409
3.15500061049
4.16038428032
3.32683341817
4.64126467518
4.83926190256
4.14774756355
4.348573947
1.81374265551
2.77533645161
4.09308255262
2.70903665134
2.37335257602
3.89171848955
2.21599021946
4.01350275616
4.60662246017
4.28515160038
2.85660470042
1.45767614584
4.21270123697
4.33862011282
4.79508653477
2.56794144184
4.73971137302
4.55515168532
4.76944949489
3.45427174282
1.58900513902
2.13887476669
3.74008993846
4.8003596511
4.7478368569
4.37160941884
4.78874116351
4.24531765123
2.12076442511
3.24049008637
1.83418736924
4.63854783605
4.85147760644
4.24613158085
4.90235138502
2.86945865843
1.20388266467
1.13037032821
4.64468117005
3.56967940875
2.68158773483
0.647468042162
3.54605505921
1.2305429718
1.55534372847
4.68234442248
4.1810520431
1.73179225123
4.71920021203
4.97537625041
4.29177533671
1.94774123334
2.66089654244
3.65431376759
4.78107328323
4.76948327634
2.31753876402
4.29746647776
3.34942623988
4.68163884435
3.5139483556
4.81465817899
1.83233017539
4.76549428456
2.01970752781
4.81362110441
1.92963924489
1.78966195962
4.93034156184
0.958912417746
3.06697334007
2.8059041491
2.36180405195
4.20126141164
0.586838326351
3.0104692194
4.73327997738
3.14951390138
3.72637350022
4.98640362094
1.418782892
1.57964739501
4.5044822212
2.80576614611
3.72315950996
3.55750113397
0.692603469417
1.94020610753
1.03142474625
2.56065756276
3.79719965784
2.00533160789
4.7622409364
4.83145909575
0.951232914703
4.03810045874
4.16114554647
0.285548948704
