4.15519962092
3.62406625059
4.59671351337
3.27557318853
3.75272514231
4.41938800553
4.2629671337
4.37587363954
3.30800542299
3.01174516985
3.4030796678
3.94818177371
3.83627703474
4.4511797834
3.48977898887
4.15413651658
3.57394470757
4.55618815953
4.85233516089
4.30325008191
3.14589814126
4.53004629309
3.16718331255
3.77169739088
4.07212529485
3.45560868326
3.29249619588
3.11773137768
2.29794171987
3.20115622372
2.37739640808
3.9516228577
3.97892277664
3.91164296163
3.81144717235
2.4455408529
3.19180930202
3.8643591247
4.12228298968
1.68354299852
4.2117716362
2.28645110305
3.30569132934
2.46177352225
3.40483219361
3.91839993899
3.20790404636
2.80989127183
3.78455735403
3.38410133548
4.13565731123
3.6641373769
3.15272042773
4.19222597199
4.04892930222
3.29361267503
4.01929552626
3.70467611089
3.25386897686
2.22788211742
1.7773666063
3.57494406973
3.93564202829
2.41318053114
3.20021503329
3.18412466471
3.82420582846
3.43986396133
4.4361666418
4.044659919
3.81409628365
3.25867775874
4.20969714485
3.47466871638
3.47545576566
3.69658649934
4.32263556926
3.72568031786
3.94172147509
4.06412537003
4.3239563657
3.33835240991
3.91960707064
3.96607714425
3.91250558907
3.21494607001
3.41788408749
2.71047071244
3.65255451077
2.73385609217
2.85631547323
2.58281471086
2.9142091397
4.3819446725
4.57413202275
4.31149444813
3.23990019608
2.5983640781
2.62264747901
4.23635400921
3.46883989334
3.33339440481
3.04413253631
2.47866070935
3.40682253503
4.34284857034
3.35715521954
3.65979780029
4.12062433188
2.70343475363
3.16512892169
3.85757367387
3.16198013632
3.35298096577
2.40625697281
3.29858211829
2.35917451564
3.9823585633
4.23362601062
3.76045252041
4.62285743381
3.18063971932
4.3921386833
4.35331566184
3.91852552691
2.78479302674
3.35393897121
4.26845718521
1.94486519297
4.50739314679
4.35854216557
3.96532547946
2.73324758021
4.33855212204
3.68802076557
4.46816565213
3.77838804754
3.1233389974
3.27608825218
3.13410210643
3.22407003649
1.19580010976
4.25752224426
2.84569889689
3.03129698053
2.20783441056
3.33831236674
2.3710638305
3.75791060524
3.96379447287
4.2085674241
4.54526472073
3.71435402006
4.51272222788
3.97186190341
3.33541943244
4.92170019665
3.78106541943
2.42123268738
4.60223033465
3.01811594938
3.85089133341
3.49192229603
3.76752806929
3.69493228348
4.00042213766
3.5234544671
2.4213898351
3.63191012353
3.68834881661
3.34744767808
3.86524298536
2.48730889664
3.85436944461
2.89315189325
2.87783633763
3.53857909288
4.03085830994
2.58280123923
3.8988678739
4.10609472538
4.17962906082
2.93955140691
3.70978768868
4.14569990231
2.63540426406
3.91067055186
3.51595956492
3.61518778637
3.72001924024
4.52087300794
4.35276544359
3.45951220928
3.24051758598
3.77968947625
3.89846574455
3.38028155834
2.27502269614
3.19860951151
4.24618846169
2.33131883963
3.0110378309
3.62654185937
3.35270491435
4.59949466646
3.42947239768
4.65290974704
2.77681952443
4.17804298459
