2.818524584789782406e+00
1.807486389083342360e+00
2.809235075419814542e+00
2.841986274689753955e+00
2.367045610600398309e+00
9.078559588740746644e-01
1.727692573883936600e+00
1.589265840871737279e+00
1.667241867427434965e+00
2.078651677109675688e+00
3.231519245610572355e-01
2.536805389080824646e+00
3.268415510030746596e+00
2.322954087058948680e+00
1.811937178513332025e+00
3.163956946465288578e+00
2.774815357024397411e+00
2.503082883258090696e+00
2.029068352197998859e+00
1.286205992696745959e+00
2.026986823095592971e+00
2.494377104745434170e+00
2.220975382412288646e+00
1.413726134950058277e+00
2.599850114218444919e+00
2.369458652187099279e+00
3.029042518679867069e+00
1.267264957175684881e+00
3.463317976753706340e+00
2.193302212191396094e+00
1.973274682982829376e+00
1.903494602090647358e+00
1.425693563430039390e+00
2.058675309979426604e+00
2.446643123634533179e+00
2.053570891773798035e+00
3.034997777515147988e+00
5.786106059186009176e-01
2.035671588968360091e+00
2.348261647451372447e+00
1.367491793916536302e+00
0.000000000000000000e+00
1.830505965209968000e+00
2.672266900135652268e+00
3.120870275495170709e+00
3.042844344962304604e+00
2.034928319152346621e+00
9.711755125525676213e-01
2.393368791824126873e+00
3.031049045577020262e+00
3.165276528704381143e+00
1.463854277149350569e+00
1.289301707372509043e+00
1.091532184044053944e+00
2.653762834505851043e+00
1.890834045248003470e+00
2.207679446414818614e+00
1.168671610804797867e+00
2.262452165737393273e+00
3.197646809178424920e+00
1.632682855556236046e+00
1.592503271077252869e+00
6.186962929291102142e-01
1.170296804006106361e+00
1.451592175772372872e+00
1.744565862568272951e+00
2.242451005515345042e+00
1.519772644223461810e+00
3.094778404941727956e+00
1.184837422191702627e+00
1.548731113013160243e+00
1.619444937639550108e+00
2.045431551780998003e+00
8.459152366226103670e-01
3.390481193256695391e+00
1.999434207330401225e+00
1.767878091412850239e+00
1.283449802119994931e+00
1.097704482466597353e+00
0.000000000000000000e+00
2.963706711113475389e+00
8.120141392372690614e-01
2.860618843710511783e+00
2.229782743775409859e+00
1.710725963549860396e+00
1.567135902926336311e+00
1.649575711373909570e+00
2.857295023595085137e+00
1.062637061114441783e+00
3.567255754289433867e+00
0.000000000000000000e+00
3.073162942398794506e+00
1.290012596768442155e+00
2.147381128854629395e+00
2.991332391616237985e+00
1.144201833275144686e+00
2.045921307512874598e+00
1.469490007769430395e+00
0.000000000000000000e+00
2.547844013237424488e+00
2.080443245853733192e+00
0.000000000000000000e+00
2.872563422367285568e+00
1.547681097945863726e+00
7.504674952259040577e-01
1.905455011097449525e+00
1.098976227982219722e+00
2.128589088178370670e+00
2.155552415079815098e+00
0.000000000000000000e+00
2.073435458175330925e+00
1.309102341076890497e+00
1.108822777293963835e+00
2.541833781361948486e+00
4.739627593806488015e-01
2.679566414701538779e+00
1.418982925967514852e+00
2.345505530574580888e+00
1.247537523795298586e+00
2.176847042663901721e+00
3.021580043179300290e+00
2.562064897203620628e+00
4.374123415658093261e-02
2.604641850916370238e+00
2.679494002433307820e+00
1.583408453524486781e+00
2.031201208446097972e+00
3.434381580480120100e+00
2.062558963516337940e+00
2.351912775375677445e-01
2.301780672096495728e+00
2.366472234157040777e+00
3.311036901775320729e+00
1.968763616101536051e+00
1.849968177265259861e-01
3.148962825745729166e+00
3.483045750299616827e+00
2.915321508167150633e+00
2.700065192125666869e-02
4.332553078873286445e+00
3.961110528340535453e+00
3.936982948242800262e+00
1.720810827780934193e+00
2.005587257276387980e+00
1.644722379360422426e+00
1.703085270137314478e+00
3.135423250009627072e+00
2.863532871227606691e+00
1.527264500934225389e+00
4.288518709947087615e+00
5.308984511443155530e-01
1.605983726492281161e+00
2.778184374661884171e+00
3.778761641075706557e+00
3.775419151808646845e+00
6.631231944181230631e-01
2.182858734243426913e+00
3.086297654839854410e+00
4.059490901644352334e+00
4.405411639970123971e+00
1.802827819465398829e+00
2.247550852785212161e+00
1.322053391749929752e+00
2.503955510251119954e+00
4.112532829488148245e+00
1.701701596667410943e+00
3.861836032492012905e+00
2.959147351777585477e+00
1.508949880138818589e+00
7.678295197461744159e-01
2.573418161077226429e+00
2.499826435911134404e-01
0.000000000000000000e+00
3.558698906910433557e+00
1.702554024629027385e+00
7.779753638005479921e-01
2.989154449195447150e+00
2.191390835366807899e+00
1.775120740821770848e+00
3.089458932009049974e+00
4.331379652969625127e+00
4.065793959715924721e+00
3.579280111618544424e+00
3.836343204114966987e+00
3.961937340255454743e+00
4.381751561501654457e+00
3.607102439704532593e+00
4.263466079274301990e+00
4.021678074430346861e+00
4.236035484380821003e+00
3.647093386777152446e+00
4.061957153175339563e+00
4.033516816497400015e+00
3.993132678083055609e+00
3.714304529595103155e+00
4.130514062132985664e+00
4.467733792420279570e+00
4.337000179714760151e+00
4.537425720647950911e+00
4.319314913687399837e+00
3.615424889821533760e+00
4.141069634073338612e+00
3.723680208039210626e+00
3.548582753454414984e+00
4.317914156826391014e+00
3.840630749842718572e+00
4.305200585911221900e+00
3.326164909198700670e+00
4.388472850824166827e+00
4.260013636160874029e+00
3.773287841492384054e+00
4.539596123857238652e+00
3.943505832150194124e+00
4.260621483248310248e+00
4.141298611860012358e+00
4.203062525108308911e+00
3.877118238199422251e+00
4.051709518761331452e+00
4.453122173643255799e+00
3.641186982933716010e+00
3.030130054194634326e+00
4.112856901609192484e+00
4.346650585943712564e+00
4.423942618743326172e+00
4.091855303033919533e+00
3.942710006860168370e+00
4.237136376801458049e+00
4.373087130630618269e+00
4.079062547411241191e+00
4.209921325856249119e+00
4.040633905807935911e+00
4.398292353533694410e+00
4.000583231945179286e+00
3.844120215230562465e+00
4.415508407615107878e+00
4.612735731310838361e+00
4.495711555532825976e+00
4.206186387884821798e+00
4.317383834647964491e+00
3.902597870883989017e+00
1.445184146660985380e+00
3.542055559517017116e+00
2.110335024310997287e+00
2.163890796390245175e+00
3.277908154981591160e+00
4.179430472715433886e+00
4.694951529721640426e-01
3.095297829004691526e+00
2.884496268544090025e+00
3.392492309387050931e+00
4.747452645375688007e+00
9.361623399006775426e-01
2.207185726947336502e+00
4.198574355754355558e+00
2.309565899914631792e+00
1.711427574128498996e+00
3.857080489590569705e+00
4.674276465239228351e+00
3.288089587805394842e+00
3.005621308770584310e+00
2.204318853571098025e+00
2.463956548710544148e+00
2.634664930132648575e+00
1.253152681784329481e+00
1.428496029290104108e+00
3.273004941461560513e+00
1.806915203816573001e+00
2.729576651413232025e+00
2.735590166557865022e+00
3.583202052717360253e+00
2.301171816262842285e+00
2.820495133945610355e+00
3.230969869103896830e+00
1.819920430872802974e+00
2.741560719666277457e+00
2.924694944405006325e+00
4.149584896185981364e+00
3.364226415776884416e+00
1.784750150545141523e+00
4.593041342206259259e+00
2.909942346347984099e+00
3.917372198293322505e+00
2.930303174755308326e+00
1.753738908744048253e+00
2.359837748886167041e+00
1.576119198905552299e+00
1.807190813340282087e+00
1.940324771156009653e+00
2.948360794135532537e+00
1.553087471542104581e+00
2.607874064247891255e+00
1.403961026468214524e+00
1.960062306658572506e+00
3.413394621531644191e+00
