1.293697287882633606e+00
3.484348526299188897e+00
1.066874748806945661e+00
5.256450418991720497e-01
7.651116094727092865e-01
1.310539687431707012e+00
1.277105182836313801e+00
1.801390790327979108e+00
3.682072315728249556e+00
1.037789703895306559e+00
9.215787031680302555e-01
1.366308265610709505e+00
1.339184865231596966e+00
1.280332446424110593e+00
8.013084925137283765e-01
2.710968476287821005e+00
1.582596003430342124e-01
8.459432709288789987e-01
9.740251014122951467e-01
0.000000000000000000e+00
0.000000000000000000e+00
1.099637458355615216e+00
6.354424108967744456e-01
4.039541979213143286e+00
1.925493031893792395e-01
5.485334937579611214e-01
2.350774785621843055e-01
2.494921773896614958e+00
2.024262157142958873e+00
7.855488824440697293e-01
9.316805323500851888e-01
7.135542907181047223e-01
2.056117125714272964e-01
3.154531645084956981e-01
3.124057671485488630e+00
3.210662222604980798e+00
1.164911756557942990e+00
3.343594659327124852e-01
0.000000000000000000e+00
2.605416431391798238e-01
6.786757465473352013e-01
0.000000000000000000e+00
3.896709813899419395e+00
6.900028232537414041e-01
2.715982436484198015e+00
3.815471353333354187e+00
3.629949201190792785e+00
5.028906819857681398e-03
3.502730650326711270e+00
5.665597359189127324e-01
5.324368907241034954e-01
2.360847619516891704e+00
2.366271809609882482e+00
1.117140338190546034e+00
9.478399822394452112e-01
0.000000000000000000e+00
4.423726236014704938e+00
1.068221512142423668e+00
6.914630931406866576e-01
4.163695973813955398e+00
6.609692716402946200e-01
3.925783492609805414e+00
1.312005620129331085e+00
1.592224371251720783e+00
1.682765662103459015e+00
2.930982363825772818e+00
7.374264009629278860e-01
2.058836855128658438e+00
2.228181092262884189e+00
3.927434787084507661e+00
3.523169517762474889e+00
0.000000000000000000e+00
2.558112207174721320e+00
3.942011059840247356e+00
1.732057283673417158e-01
5.726809102064782664e-01
6.602455589236646549e-01
4.937203276038240052e-01
8.604269214990070136e-01
2.972121067710509656e+00
3.607340563081862683e+00
9.921948641709468220e-01
1.809555007156355533e+00
1.229044257506855864e+00
1.374623522137747855e+00
1.062173974290184786e+00
0.000000000000000000e+00
8.341398462283664550e-01
7.482005675694174407e-01
1.951529448071273265e+00
1.183860957205200570e+00
7.088220303053762716e-01
8.139104261505425431e-01
1.670953456994789921e+00
1.762775466718302653e-01
9.343635290825964557e-01
1.489021060610982161e+00
0.000000000000000000e+00
0.000000000000000000e+00
9.918963366753201782e-01
7.638809250881046786e-01
1.782533018251764911e+00
6.369074988726692865e-01
1.496107911838250537e+00
1.137298418290746183e+00
3.485967224957551291e-01
1.098831605079963802e+00
5.666268507277025801e-01
3.483008711774149280e-01
1.237290782210214601e+00
4.040146853573933328e+00
2.516741835562642748e+00
1.716315796511428182e+00
8.386887498221431425e-01
1.442700486245836800e+00
1.368237173359148073e-01
1.947592122328881459e+00
5.797032743944767752e-01
1.021196420827325646e+00
8.165240712496468767e-03
1.768747261027779905e-01
4.010090567445254717e-01
5.107548381411282090e-01
5.933942656306445684e-01
4.265892968084907366e+00
1.008408985345429665e+00
3.612992561439807293e-01
8.087169495407549036e-01
9.669384788610471126e-01
2.112357040669415875e-01
1.153690450577633309e+00
6.605908137674012526e-01
2.816974418233746391e-01
2.224510585375134575e-01
3.222065244999275269e+00
6.823025198101853039e-01
2.831286483046957514e-02
2.819498640487640095e+00
2.641149805562919006e-01
1.356726694114638754e+00
3.072753985992546788e-01
1.862603789093085771e-01
2.511343132578227610e-01
6.682655548956506486e-02
2.535870175974955565e+00
0.000000000000000000e+00
4.247961166364090602e+00
1.265523757132813731e+00
1.959182874518240691e+00
1.294339739472063044e+00
1.938401884197471503e-03
5.223146771296018898e-01
1.872816053579741791e+00
9.164038861883847531e-01
1.600055906655263094e+00
2.225535308694817971e+00
5.052474248496663378e-01
3.161836168484533083e-01
1.375960493434007947e+00
0.000000000000000000e+00
2.103219600051697835e-01
9.917111440595267613e-01
2.197088496324977047e+00
1.833916527034286315e+00
1.243003069616857470e+00
2.204211642118992565e+00
1.517661759774720398e+00
4.479645693728784295e-01
9.367001618847912159e-01
8.677680032271322119e-01
1.594481565269034729e-01
4.318030517459174877e-01
1.407377560261504623e+00
6.105002782643187409e-02
1.073196794032450718e+00
2.944767564025072559e-01
1.099576013237555605e+00
4.062017542649789092e+00
7.065014647951237681e-01
8.696433308996263101e-01
2.037694594223145916e+00
2.188157744437395635e+00
0.000000000000000000e+00
9.133423520666195117e-01
1.757899278972943957e+00
5.454963452453556183e-01
8.617850048514541506e-01
3.319210348356855800e-01
1.135490242058421195e+00
2.969547268957672959e-01
9.725166637808675407e-01
2.331260580814364491e+00
7.966909208016035304e-01
1.707065803586770514e+00
2.068340492939727771e+00
5.862574750731537332e-01
1.082645921441185433e-01
0.000000000000000000e+00
2.588462712590376302e+00
7.511223749389090987e-01
3.364511311988918063e-01
4.462665691309097848e-01
2.076173369367150023e+00
7.356227897248179826e-01
8.753961975833381981e-01
0.000000000000000000e+00
7.609779441822728252e-01
2.432946060847533509e+00
2.173686879099245406e+00
8.920137820774276527e-01
7.694397721011396740e-01
3.553704103164121442e+00
4.174056221109347042e+00
0.000000000000000000e+00
1.165576428326124958e-01
5.531482045577402751e-01
6.757450427087265954e-01
7.979772321443729943e-01
1.328099715563618499e+00
4.118932077398683944e+00
4.846605349459727208e-01
3.067284185170529920e+00
2.162426571540756459e-01
8.034976010567280724e-01
0.000000000000000000e+00
3.706156659783831131e+00
1.762215869561568837e+00
2.866977695063632758e-02
5.346067006957053724e-01
7.319050412979188902e-01
8.887247072284931715e-01
1.232678759384152389e+00
1.581607732928177468e-01
2.570856317507590916e+00
1.525361789230883058e+00
6.133926355761729621e-01
1.508157111188285437e+00
3.956607003490645091e+00
3.178594917297053346e+00
1.619685248761565166e+00
4.270038085957361673e+00
3.886859277321028650e+00
9.352794993846711424e-01
2.346295808005289807e-01
6.752627799084431892e-01
3.900876129175258278e+00
2.734163712952994540e+00
2.348256361378580070e+00
2.903254666110486326e-01
2.151565506407587591e+00
2.368303349586726725e+00
1.573470641453430741e+00
1.241179648726307594e+00
4.052707240841703751e+00
6.123993281282069656e-01
3.439486138415790428e-01
1.089287440125460638e+00
1.748627402022314037e+00
1.710021185561384716e+00
2.259060400772648691e+00
6.781361455653456272e-01
5.641066255596511869e-01
2.041657848138524134e+00
1.602732656442126924e+00
1.233955577833990791e+00
2.157978439753022171e-01
8.444865906850376192e-01
1.724388320910061001e+00
2.532747510829751469e+00
1.409464343870658443e+00
1.160270340070052919e+00
3.935246178961941510e+00
8.487250772194154802e-01
3.924801849769247397e+00
1.134321431417434578e+00
9.551338667522777381e-01
1.171184578190169967e+00
1.935416285897280098e+00
8.238015271987859656e-01
3.938150890018082606e+00
6.650464764305308307e-01
1.304277499255286354e+00
1.008643175368904243e+00
2.294658931339725871e+00
0.000000000000000000e+00
9.620534298944514173e-01
4.368887796521390143e-01
2.877981193297864948e+00
2.912366470440840516e+00
6.874228181463215570e-01
0.000000000000000000e+00
3.699712401936255723e+00
4.511371172173259669e-01
2.591895998759000452e+00
3.767009000240719274e+00
0.000000000000000000e+00
2.511353899931834555e+00
1.413894438028551637e+00
9.561566647170667288e-01
1.169219344319392118e-01
1.044372391701286151e+00
