2.258064516129032473e+00 2.772387042559200765e+00 2.083333333333333148e-01 8.750000000000000000e-01
1.666666666666666741e+00 2.283721904835526395e+00 9.259259259259258190e-01 1.428571428571428381e+00
1.764705882352941124e+00 3.329519562664074783e+00 4.166666666666666297e-01 1.000000000000000000e+00
2.500000000000000000e+00 3.112628710058276571e+00 0.000000000000000000e+00 1.090225563909774431e+00
1.153846153846153744e+00 2.401297235860145207e+00 0.000000000000000000e+00 8.000000000000000444e-01
2.500000000000000000e+00 5.000000000000000000e+00 2.272727272727272485e+00 3.467741935483870996e+00
2.083333333333333481e+00 2.522366988579447966e+00 0.000000000000000000e+00 1.179245283018867996e+00
4.400000000000000355e+00 4.866404131995521354e+00 3.076923076923077094e+00 3.768115942028985366e+00
5.000000000000000000e+00 4.971147782510923818e+00 4.090909090909090828e+00 4.090909090909090828e+00
3.043478260869565410e+00 3.544466156536744350e+00 1.333333333333333259e+00 2.317073170731707599e+00
2.500000000000000000e+00 3.907642810081427776e+00 2.000000000000000000e+00 2.368421052631578760e+00
9.375000000000000000e-01 2.998485593551200701e+00 1.851851851851851749e-01 1.081081081081081141e+00
1.666666666666666741e+00 2.667909040298092727e+00 3.846153846153846367e-01 1.402439024390244038e+00
2.500000000000000000e+00 3.111960237218310610e+00 4.545454545454545858e-01 1.571428571428571397e+00
2.500000000000000000e+00 1.253937091657960634e+00 1.923076923076923184e-01 9.666666666666666741e-01
4.583333333333333037e+00 4.839725754506527977e+00 2.142857142857142794e+00 4.044943820224719211e+00
6.896551724137931494e-01 1.492047551780443237e+00 0.000000000000000000e+00 7.633587786259542485e-01
2.500000000000000000e+00 3.189780668881688541e+00 0.000000000000000000e+00 1.343283582089552119e+00
3.461538461538461675e+00 4.692562129362148227e+00 2.692307692307692069e+00 3.943661971830985546e+00
1.199999999999999956e+00 2.902619980287208357e+00 5.263157894736841813e-01 8.333333333333332593e-01
3.000000000000000000e+00 2.627439213819978470e+00 7.142857142857141906e-01 1.396396396396396344e+00
2.222222222222222321e+00 3.073384590772333169e+00 5.000000000000000000e-01 1.394230769230769162e+00
2.500000000000000000e+00 9.114057307920166995e-01 0.000000000000000000e+00 2.734375000000000000e-01
1.111111111111111160e+00 2.666652747073929852e+00 0.000000000000000000e+00 7.407407407407406996e-01
6.250000000000000000e-01 1.264605163966772361e+00 1.923076923076923184e-01 4.964539007092199085e-01
1.851851851851851860e+00 3.223363107865970800e+00 2.272727272727272929e-01 1.304347826086956541e+00
8.333333333333333703e-01 1.472560096199093227e+00 0.000000000000000000e+00 4.499999999999999556e-01
2.500000000000000000e+00 3.636005711544903818e+00 3.571428571428570953e-01 1.436781609195402210e+00
3.200000000000000178e+00 4.603991704560886689e+00 5.555555555555555802e-01 3.076923076923077094e+00
1.250000000000000000e+00 2.702197172258034019e+00 0.000000000000000000e+00 7.000000000000000666e-01
3.461538461538461675e+00 3.997219035552789457e+00 1.875000000000000000e+00 2.794117647058823373e+00
1.250000000000000000e+00 2.765845993617801479e+00 0.000000000000000000e+00 7.480314960629921295e-01
4.137931034482758896e+00 4.781936722117666960e+00 1.944444444444444420e+00 3.426966292134831615e+00
1.212121212121212155e+00 2.730250130309563872e+00 1.923076923076923184e-01 9.090909090909091717e-01
4.400000000000000355e+00 4.403124940151281308e+00 3.076923076923077094e+00 3.967391304347826164e+00
1.304347826086956541e+00 3.154554477717623762e+00 5.882352941176470784e-01 1.111111111111111160e+00
3.500000000000000000e+00 4.212346645396300104e+00 7.142857142857141906e-01 3.045977011494253262e+00
1.363636363636363535e+00 2.234897599912711641e+00 6.666666666666666297e-01 7.653061224489796643e-01
2.903225806451612989e+00 2.555120243438913086e+00 6.818181818181817677e-01 1.313559322033898358e+00
5.000000000000000000e+00 4.867418979396076040e+00 3.125000000000000000e+00 3.878504672897196137e+00
1.034482758620689724e+00 3.339824907473211368e+00 0.000000000000000000e+00 1.210937500000000000e+00
3.684210526315789380e+00 3.636540922668265008e+00 3.571428571428570953e-01 2.214285714285714413e+00
3.913043478260869623e+00 4.335210351834517084e+00 1.428571428571428381e+00 3.157894736842105310e+00
0.000000000000000000e+00 1.032544770121101241e+00 0.000000000000000000e+00 3.174603174603174427e-01
6.060606060606060774e-01 2.849833332120765395e+00 0.000000000000000000e+00 5.592105263157894912e-01
4.400000000000000355e+00 4.723151919312920555e+00 2.000000000000000000e+00 2.467532467532467688e+00
6.896551724137931494e-01 7.201801178448821172e-01 0.000000000000000000e+00 5.072463768115942351e-01
2.272727272727272929e+00 3.733868671065814215e+00 6.250000000000000000e-01 1.799999999999999822e+00
1.379310344827586299e+00 3.400563509002867413e+00 4.347826086956521618e-01 1.159420289855072506e+00
3.333333333333333481e+00 3.631578080897610583e+00 8.333333333333332593e-01 2.298850574712643535e+00
1.818181818181818121e+00 3.487708697185867290e+00 2.941176470588235392e-01 1.594827586206896797e+00
8.571428571428570953e-01 1.049080042775548449e+00 1.666666666666666574e-01 7.751937984496124479e-01
1.071428571428571397e+00 1.432761598274918224e+00 2.173913043478260809e-01 5.327868852459015647e-01
4.761904761904761862e+00 4.855748798054509763e+00 2.083333333333333481e+00 3.827160493827160170e+00
4.736842105263157521e+00 4.808274680163346915e+00 1.818181818181818343e+00 3.421052631578947345e+00
2.000000000000000000e+00 4.003234041458071601e+00 0.000000000000000000e+00 1.437500000000000000e+00
4.705882352941176627e+00 4.919214172058210544e+00 2.222222222222222321e+00 3.725490196078431460e+00
0.000000000000000000e+00 1.126253542099304283e+00 0.000000000000000000e+00 3.314917127071823066e-01
2.105263157894736725e+00 3.315400175485615719e+00 3.571428571428570953e-01 1.481481481481481399e+00
3.200000000000000178e+00 4.128523238268765994e+00 0.000000000000000000e+00 1.923076923076923128e+00
0.000000000000000000e+00 1.862215047827996406e+00 0.000000000000000000e+00 4.437869822485207005e-01
2.307692307692307487e+00 3.737374784111402448e+00 6.250000000000000000e-01 1.428571428571428381e+00
9.090909090909090606e-01 1.674795541779884545e+00 1.851851851851851749e-01 8.529411764705883137e-01
1.851851851851851860e+00 3.225236966732377475e+00 2.272727272727272929e-01 1.380597014925373234e+00
3.333333333333333481e+00 3.863160403324838121e+00 2.000000000000000000e+00 2.530120481927710774e+00
0.000000000000000000e+00 1.113947676305648615e+00 0.000000000000000000e+00 6.884057971014492239e-01
4.074074074074074403e+00 4.826016999431751664e+00 3.214285714285714413e+00 3.802083333333333037e+00
4.583333333333333037e+00 5.000000000000000000e+00 1.666666666666666519e+00 4.459459459459459651e+00
7.692307692307692735e-01 2.241869809542765157e+00 2.380952380952380820e-01 7.539682539682539542e-01
2.352941176470588314e+00 3.574953351147510006e+00 0.000000000000000000e+00 1.428571428571428381e+00
2.285714285714285587e+00 2.980242426370793396e+00 3.571428571428570953e-01 1.757812500000000000e+00
1.935483870967741993e+00 2.731691507371830419e+00 4.000000000000000222e-01 1.315789473684210398e+00
2.580645161290322509e+00 2.909366968369572426e+00 4.347826086956521618e-01 1.130434782608695565e+00
1.944444444444444420e+00 2.726200379657595096e+00 3.448275862068965747e-01 1.641791044776119479e+00
3.076923076923077094e+00 3.964408030185931686e+00 1.470588235294117752e+00 2.098214285714285587e+00
5.000000000000000000e+00 4.898025776793511810e+00 3.666666666666666519e+00 4.166666666666666963e+00
3.793103448275862100e+00 3.737798364441609955e+00 1.666666666666666519e+00 2.613636363636363313e+00
4.117647058823528994e+00 4.471572718062182261e+00 1.500000000000000000e+00 2.767857142857143238e+00
2.857142857142856984e-01 7.392879223864978755e-01 0.000000000000000000e+00 5.279503105590062084e-01
2.500000000000000000e+00 7.439953613155225742e-01 0.000000000000000000e+00 2.721088435374149350e-01
4.799999999999999822e+00 4.737663186806240212e+00 3.076923076923077094e+00 3.505154639175257714e+00
1.428571428571428603e+00 2.770843228133237801e+00 0.000000000000000000e+00 9.340659340659340781e-01
3.200000000000000178e+00 4.286384559794064408e+00 5.263157894736841813e-01 2.339449541284403633e+00
1.081081081081081141e+00 2.538233936158666104e+00 0.000000000000000000e+00 8.757062146892655718e-01
1.500000000000000000e+00 2.813760357496576603e+00 0.000000000000000000e+00 8.602150537634409844e-01
2.500000000000000000e+00 4.587300667013844979e+00 1.818181818181818343e+00 3.145161290322580516e+00
2.500000000000000000e+00 3.565117208748741717e+00 3.846153846153846367e-01 1.946564885496183006e+00
4.615384615384614975e+00 4.899495742064171822e+00 1.875000000000000000e+00 3.554216867469879304e+00
6.451612903225806273e-01 1.286383278526485041e+00 0.000000000000000000e+00 5.882352941176470784e-01
2.727272727272727071e+00 3.090381655216317469e+00 1.000000000000000000e+00 1.601941747572815711e+00
3.666666666666666519e+00 4.529702893815752418e+00 1.842105263157894690e+00 2.637362637362637319e+00
2.500000000000000000e+00 1.526262313677106741e+00 0.000000000000000000e+00 2.980132450331125504e-01
4.444444444444444642e+00 4.791520962781126158e+00 3.846153846153846256e+00 4.425287356321839560e+00
5.000000000000000000e+00 4.999999999999998224e+00 5.000000000000000000e+00 4.555555555555555358e+00
1.199999999999999956e+00 3.245279375475063510e+00 0.000000000000000000e+00 1.126126126126126170e+00
2.857142857142857206e+00 4.017456021359813612e+00 4.545454545454545858e-01 1.747967479674796820e+00
2.272727272727272929e+00 2.959209032906947812e+00 2.941176470588235392e-01 1.386138613861386260e+00
0.000000000000000000e+00 1.985759120226350927e+00 0.000000000000000000e+00 7.627118644067797382e-01
5.000000000000000000e+00 4.840177539691826958e+00 3.333333333333333037e+00 3.208955223880596730e+00
1.923076923076923128e+00 3.239924443104170493e+00 5.000000000000000000e-01 1.848739495798319421e+00
4.090909090909090828e+00 4.563275143045046001e+00 4.000000000000000000e+00 3.750000000000000000e+00
3.333333333333333481e+00 4.136961461982256338e+00 2.857142857142856762e+00 2.031250000000000000e+00
2.333333333333333481e+00 3.855179517268836786e+00 4.166666666666666297e-01 1.541353383458646586e+00
3.636363636363636243e+00 3.624732988342500573e+00 1.428571428571428381e+00 1.894736842105263275e+00
2.352941176470588314e+00 3.192226785225523500e+00 0.000000000000000000e+00 1.559139784946236507e+00
3.125000000000000000e+00 4.081838324748664704e+00 6.250000000000000000e-01 2.849999999999999645e+00
3.000000000000000000e+00 3.294005928053369558e+00 7.142857142857141906e-01 2.205882352941176627e+00
1.034482758620689724e+00 2.736812151266192039e+00 0.000000000000000000e+00 6.766917293233082331e-01
4.782608695652173836e+00 4.703179239965552760e+00 4.500000000000000000e+00 4.354838709677419040e+00
2.000000000000000000e+00 2.574414576431753865e+00 5.000000000000000000e-01 1.212121212121212155e+00
3.461538461538461675e+00 3.668402728996449369e+00 7.894736842105263275e-01 1.974789915966386422e+00
4.500000000000000000e+00 4.513137118996993991e+00 3.000000000000000000e+00 4.305555555555555358e+00
1.600000000000000089e+00 3.596905415018830432e+00 2.500000000000000000e-01 1.468253968253968367e+00
2.916666666666666519e+00 3.715662682310241216e+00 8.823529411764706731e-01 1.443298969072164706e+00
2.500000000000000000e+00 3.177749557007383263e+00 0.000000000000000000e+00 9.243697478991597105e-01
1.875000000000000000e+00 3.314294238476503729e+00 3.846153846153846367e-01 1.089385474860335101e+00
4.000000000000000000e+00 3.973565448824925017e+00 1.111111111111111160e+00 2.068965517241379448e+00
9.090909090909090606e-01 2.549780669113907994e+00 0.000000000000000000e+00 6.875000000000000000e-01
0.000000000000000000e+00 1.079318945667063545e+00 0.000000000000000000e+00 4.360465116279069742e-01
3.333333333333333481e+00 4.504980832460145912e+00 1.538461538461538547e+00 2.911392405063291111e+00
2.500000000000000000e+00 4.220474894765472662e+00 1.666666666666666519e+00 2.383720930232558377e+00
2.631578947368421240e+00 3.924169790205080943e+00 0.000000000000000000e+00 1.594202898550724612e+00
1.000000000000000000e+00 2.647732000304754862e+00 0.000000000000000000e+00 1.033057851239669533e+00
3.888888888888888840e+00 4.562820319443002148e+00 1.153846153846153966e+00 3.400000000000000355e+00
1.428571428571428603e+00 2.590519333250668410e+00 2.173913043478260809e-01 1.634615384615384581e+00
1.199999999999999956e+00 2.641944583765873933e+00 0.000000000000000000e+00 8.139534883720931369e-01
3.703703703703703720e+00 4.219316523113456618e+00 1.176470588235294157e+00 2.383720930232558377e+00
1.818181818181818121e+00 3.301827042546705560e+00 3.703703703703703498e-01 1.666666666666666519e+00
2.941176470588235503e+00 4.255746500384195663e+00 4.166666666666666297e-01 2.462686567164178886e+00
3.125000000000000000e+00 4.416685102042912980e+00 1.666666666666666519e+00 2.711864406779660897e+00
0.000000000000000000e+00 2.054228067882315933e+00 0.000000000000000000e+00 5.521472392638037130e-01
1.666666666666666741e+00 2.856036303088680395e+00 2.631578947368420907e-01 7.857142857142856984e-01
1.428571428571428603e+00 2.494322607612885712e+00 2.272727272727272929e-01 9.230769230769231282e-01
3.529411764705882248e+00 4.055487000832153299e+00 9.090909090909091717e-01 2.573529411764705621e+00
2.500000000000000000e+00 1.640428239151352718e+00 0.000000000000000000e+00 8.333333333333332593e-01
2.777777777777777901e-01 1.495119362237157912e+00 0.000000000000000000e+00 4.972375690607734322e-01
2.500000000000000000e+00 3.240770905971626981e+00 0.000000000000000000e+00 1.199999999999999956e+00
1.304347826086956541e+00 3.136096308933493670e+00 2.777777777777777901e-01 1.538461538461538547e+00
8.571428571428570953e-01 1.781230962579550159e+00 0.000000000000000000e+00 5.357142857142856984e-01
2.500000000000000000e+00 4.362015132150050434e+00 1.086956521739130377e+00 2.166666666666666963e+00
2.500000000000000000e+00 1.398196730220068851e+00 0.000000000000000000e+00 3.435114503816794063e-01
3.333333333333333148e-01 5.551320933309042971e-01 0.000000000000000000e+00 3.353658536585366057e-01
2.500000000000000000e+00 3.964876738525835886e+00 1.875000000000000000e+00 2.421875000000000000e+00
5.000000000000000000e+00 4.837489064891834722e+00 3.947368421052631859e+00 4.082568807339449712e+00
2.500000000000000000e+00 1.610345401103282503e+00 0.000000000000000000e+00 4.819277108433734913e-01
1.333333333333333259e+00 2.723252610269169871e+00 0.000000000000000000e+00 8.125000000000000000e-01
6.896551724137931494e-01 4.783539005338699468e-01 0.000000000000000000e+00 5.405405405405405705e-01
2.500000000000000000e+00 3.721312459878190815e+00 1.000000000000000000e+00 1.646341463414634276e+00
3.200000000000000178e+00 3.415211080267708255e+00 8.333333333333332593e-01 2.000000000000000000e+00
2.500000000000000000e+00 4.366123272818231094e+00 1.250000000000000000e+00 2.415730337078651591e+00
2.222222222222222321e+00 3.964197666217812444e+00 3.846153846153846367e-01 1.666666666666666519e+00
2.666666666666666519e+00 3.739578340295384162e+00 1.190476190476190466e+00 2.596153846153846256e+00
3.200000000000000178e+00 4.349506483528706724e+00 1.176470588235294157e+00 2.821782178217821624e+00
3.125000000000000000e-01 1.047965547186842539e+00 0.000000000000000000e+00 4.577464788732394374e-01
1.666666666666666741e+00 2.779565642055634722e+00 6.521739130434782705e-01 1.643835616438356073e+00
3.125000000000000000e+00 3.863386165949125317e+00 1.000000000000000000e+00 2.000000000000000000e+00
2.500000000000000000e+00 1.971791761080312178e+00 0.000000000000000000e+00 5.172413793103448620e-01
3.333333333333333148e-01 8.605627754022605602e-01 0.000000000000000000e+00 7.547169811320754151e-01
1.250000000000000000e+00 3.049770439995711069e+00 0.000000000000000000e+00 7.661290322580645018e-01
6.060606060606060774e-01 7.319085142723286141e-01 0.000000000000000000e+00 3.273809523809523836e-01
2.500000000000000000e+00 3.804936547777613143e+00 1.333333333333333259e+00 1.666666666666666519e+00
9.090909090909090606e-01 3.105233339484328781e+00 3.703703703703703498e-01 8.394160583941605580e-01
4.117647058823528994e+00 4.697493421034074856e+00 2.222222222222222321e+00 3.275862068965516904e+00
0.000000000000000000e+00 8.778667427457309547e-01 0.000000000000000000e+00 3.100775193798449569e-01
1.481481481481481399e+00 2.482469291085234175e+00 0.000000000000000000e+00 1.199999999999999956e+00
5.000000000000000000e+00 5.000000000000000000e+00 2.000000000000000000e+00 4.396551724137930606e+00
2.500000000000000000e+00 4.136514861891274819e+00 1.944444444444444420e+00 2.427184466019417286e+00
1.764705882352941124e+00 3.533239263218280080e+00 0.000000000000000000e+00 9.701492537313433084e-01
2.000000000000000000e+00 3.270132012184736592e+00 1.153846153846153966e+00 1.790123456790123413e+00
2.413793103448275801e+00 3.268595306377193310e+00 4.347826086956521618e-01 1.181102362204724310e+00
8.333333333333333703e-01 2.275098374240656973e+00 0.000000000000000000e+00 6.081081081081081141e-01
2.500000000000000000e+00 3.239404031078620516e+00 3.333333333333333148e-01 1.523809523809523947e+00
2.777777777777777901e-01 1.184352812894190254e+00 0.000000000000000000e+00 4.450261780104711740e-01
1.000000000000000000e+00 2.832505301222227878e+00 0.000000000000000000e+00 7.894736842105263275e-01
1.428571428571428603e+00 2.324754258646757776e+00 5.357142857142856984e-01 1.796875000000000000e+00
1.250000000000000000e+00 1.669673263227820392e+00 3.846153846153846367e-01 7.692307692307692735e-01
4.583333333333333037e+00 4.752684233094850441e+00 3.333333333333333037e+00 4.157303370786516794e+00
3.043478260869565410e+00 3.589320784837011225e+00 1.333333333333333259e+00 2.287234042553191404e+00
2.500000000000000000e+00 3.175325455792164853e+00 6.250000000000000000e-01 1.228070175438596312e+00
3.333333333333333481e+00 4.532249984700086110e+00 1.388888888888888840e+00 3.028846153846153744e+00
2.777777777777777679e+00 3.902650904115327002e+00 3.846153846153846367e-01 1.369863013698630061e+00
1.578947368421052655e+00 3.006349705799709060e+00 3.571428571428570953e-01 9.693877551020407823e-01
8.823529411764705621e-01 1.144714902013824531e+00 0.000000000000000000e+00 7.142857142857141906e-01
2.500000000000000000e+00 4.258984982102846928e+00 7.500000000000000000e-01 2.241379310344827402e+00
2.068965517241379448e+00 2.577089892245788327e+00 2.173913043478260809e-01 1.330275229357798183e+00
2.500000000000000000e+00 1.794950978259876262e+00 0.000000000000000000e+00 5.508474576271186196e-01
1.724137931034482651e+00 2.968075875311471989e+00 2.272727272727272929e-01 9.712230215827338808e-01
3.000000000000000000e+00 4.460554814767450971e+00 3.333333333333333148e-01 2.530864197530864335e+00
2.083333333333333481e+00 3.646475281678092095e+00 8.823529411764706731e-01 1.210526315789473673e+00
7.407407407407406996e-01 1.634271368284791803e+00 2.272727272727272929e-01 3.076923076923077094e-01
2.500000000000000000e+00 3.570840124042833352e+00 5.555555555555555802e-01 1.363636363636363535e+00
2.666666666666666519e+00 4.422071285925172290e+00 5.000000000000000000e-01 2.238805970149253977e+00
3.076923076923077094e+00 4.173307784335291259e+00 5.000000000000000000e-01 2.276785714285714413e+00
1.904761904761904656e+00 3.071901916670721988e+00 6.666666666666666297e-01 1.812500000000000000e+00
1.818181818181818121e+00 3.655543985782585104e+00 1.000000000000000000e+00 1.153846153846153966e+00
2.500000000000000000e+00 3.073728687656719138e+00 5.999999999999999778e-01 1.208333333333333259e+00
2.727272727272727071e+00 3.229632934416618362e+00 1.000000000000000000e+00 1.666666666666666519e+00
4.545454545454545858e+00 4.780220613843393807e+00 3.055555555555555802e+00 3.979591836734694077e+00
1.000000000000000000e+00 1.982510474151846225e+00 0.000000000000000000e+00 4.827586206896551380e-01
2.608695652173913082e+00 3.204700839914153665e+00 5.882352941176470784e-01 1.739130434782608647e+00
1.851851851851851860e+00 3.087690054410181517e+00 2.272727272727272929e-01 1.481481481481481399e+00
1.290322580645161255e+00 3.545788465623670227e+00 1.923076923076923184e-01 1.428571428571428381e+00
0.000000000000000000e+00 1.815544020672898773e+00 0.000000000000000000e+00 4.621848739495798553e-01
2.142857142857142794e+00 2.713249241255098809e+00 5.555555555555555802e-01 1.357142857142856984e+00
5.000000000000000000e+00 4.789825305643073072e+00 1.500000000000000000e+00 2.896825396825397192e+00
1.290322580645161255e+00 1.756907383925450539e+00 4.000000000000000222e-01 5.594405594405594817e-01
2.068965517241379448e+00 2.615507938311169234e+00 4.545454545454545858e-01 9.829059829059828557e-01
4.285714285714285587e+00 4.678683800689138472e+00 2.727272727272727071e+00 3.703703703703703276e+00
2.173913043478260754e+00 2.919499511517139823e+00 5.882352941176470784e-01 1.324786324786324743e+00
1.111111111111111160e+00 3.217773624404400401e+00 2.272727272727272929e-01 9.398496240601503793e-01
8.333333333333333703e-01 1.544873031891909498e+00 2.631578947368420907e-01 7.222222222222220989e-01
1.600000000000000089e+00 2.805473208518490136e+00 0.000000000000000000e+00 1.383928571428571619e+00
1.904761904761904656e+00 3.626388514973140964e+00 3.125000000000000000e-01 1.554621848739495826e+00
2.941176470588235503e+00 4.126092131623697590e+00 1.500000000000000000e+00 2.758620689655172598e+00
2.500000000000000000e+00 2.119129625817269158e+00 1.612903225806451568e-01 8.982035928143712322e-01
2.068965517241379448e+00 3.134431807809360926e+00 2.083333333333333148e-01 1.353383458646616466e+00
3.333333333333333148e-01 1.476075061183666159e+00 0.000000000000000000e+00 3.508771929824561209e-01
3.750000000000000000e+00 4.726409578306531856e+00 1.086956521739130377e+00 3.411214953271027639e+00
3.214285714285714413e+00 2.890871503148900068e+00 2.500000000000000000e+00 2.399999999999999911e+00
1.199999999999999956e+00 1.870437234839866791e+00 0.000000000000000000e+00 1.024590163934426368e+00
3.333333333333333148e-01 1.249168282964869370e+00 0.000000000000000000e+00 3.184713375796178192e-01
2.352941176470588314e+00 3.167888560187147817e+00 0.000000000000000000e+00 1.611111111111111160e+00
3.030303030303030387e-01 8.363759399613859280e-01 0.000000000000000000e+00 5.917159763313608600e-01
0.000000000000000000e+00 1.111579901248720414e+00 0.000000000000000000e+00 3.169014084507042472e-01
1.428571428571428603e+00 3.565927529753895264e+00 4.545454545454545858e-01 1.065573770491803129e+00
1.666666666666666741e+00 3.334623250371416159e+00 4.166666666666666297e-01 1.100000000000000089e+00
1.600000000000000089e+00 2.753977003382645172e+00 0.000000000000000000e+00 1.478260869565217517e+00
2.500000000000000000e+00 2.581586491582781306e+00 2.272727272727272929e-01 7.894736842105263275e-01
8.333333333333333703e-01 6.907113018320193421e-01 0.000000000000000000e+00 6.603773584905660021e-01
5.555555555555555802e-01 1.011608099935851879e+00 0.000000000000000000e+00 4.545454545454545858e-01
