4.166666666666666963e+00 4.557217929994015648e+00 3.000000000000000000e+00 3.738317757009345765e+00
2.777777777777777679e+00 3.411322005297368953e+00 3.846153846153846367e-01 1.578947368421052655e+00
6.666666666666666297e-01 2.192648946430884038e+00 0.000000000000000000e+00 1.093750000000000000e+00
7.692307692307692735e-01 2.571262470849495330e+00 2.380952380952380820e-01 7.978723404255319007e-01
1.538461538461538547e+00 2.840892885134568502e+00 0.000000000000000000e+00 1.527777777777777901e+00
1.764705882352941124e+00 3.057718698894031029e+00 5.769230769230769829e-01 1.000000000000000000e+00
4.166666666666666963e+00 4.558526614488692452e+00 7.142857142857141906e-01 1.718750000000000000e+00
3.000000000000000000e+00 3.353965796912281583e+00 2.500000000000000000e+00 2.600000000000000089e+00
2.333333333333333481e+00 3.510981194545796491e+00 6.521739130434782705e-01 1.521739130434782705e+00
1.818181818181818121e+00 3.140355117258718742e+00 1.851851851851851749e-01 8.173076923076922906e-01
2.777777777777777679e+00 3.047209545404484743e+00 8.333333333333332593e-01 1.851851851851851638e+00
4.000000000000000000e+00 3.660789719947764809e+00 2.500000000000000000e+00 2.272727272727272485e+00
3.333333333333333481e+00 2.866016162005381673e+00 0.000000000000000000e+00 1.250000000000000000e+00
3.333333333333333481e+00 3.672291840403982821e+00 2.083333333333333481e+00 2.307692307692307931e+00
4.166666666666666963e+00 4.239949191277952778e+00 1.666666666666666519e+00 3.484848484848485306e+00
5.714285714285713969e-01 1.897089074706763245e+00 1.666666666666666574e-01 9.504132231404959219e-01
1.071428571428571397e+00 2.056369000545609005e+00 2.173913043478260809e-01 1.235294117647058876e+00
2.500000000000000000e+00 2.538221387047294719e+00 1.666666666666666519e+00 1.730769230769230838e+00
4.000000000000000000e+00 3.282987544301993132e+00 0.000000000000000000e+00 1.470588235294117752e+00
1.515151515151515138e+00 3.031636154041763564e+00 4.347826086956521618e-01 1.141304347826086918e+00
4.375000000000000000e+00 4.518745801389506767e+00 2.500000000000000000e+00 2.978723404255319007e+00
1.111111111111111160e+00 2.597057154239083232e+00 0.000000000000000000e+00 1.363636363636363535e+00
3.636363636363636243e+00 3.308503270803292651e+00 1.000000000000000000e+00 2.012987012987013102e+00
4.000000000000000000e+00 4.258034456104747179e+00 3.000000000000000000e+00 2.500000000000000000e+00
1.818181818181818121e+00 3.284265394823575601e+00 0.000000000000000000e+00 9.756097560975609539e-01
1.666666666666666741e+00 2.717837463211774107e+00 0.000000000000000000e+00 1.132075471698113178e+00
3.529411764705882248e+00 3.706193045617062864e+00 9.090909090909091717e-01 1.886792452830188704e+00
1.428571428571428603e+00 2.794355286969857133e+00 0.000000000000000000e+00 1.666666666666666519e+00
9.090909090909090606e-01 2.278560416113379450e+00 0.000000000000000000e+00 1.428571428571428381e+00
7.692307692307692735e-01 2.781022625263376291e+00 0.000000000000000000e+00 8.333333333333332593e-01
4.000000000000000000e+00 4.051350572609465850e+00 2.500000000000000000e+00 2.968750000000000000e+00
3.333333333333333481e+00 4.330409688553044312e+00 1.111111111111111160e+00 3.163265306122449161e+00
0.000000000000000000e+00 2.674077184280804875e+00 0.000000000000000000e+00 1.125000000000000000e+00
2.307692307692307487e+00 2.740130149788829961e+00 1.428571428571428381e+00 1.274509803921568540e+00
1.250000000000000000e+00 1.474874899355663738e+00 0.000000000000000000e+00 5.357142857142856984e-01
2.777777777777777679e+00 3.272453841154778775e+00 2.000000000000000000e+00 2.325581395348837344e+00
2.307692307692307487e+00 3.797605476764567722e+00 5.555555555555555802e-01 1.206896551724137900e+00
2.777777777777777679e+00 2.162475985865981887e+00 1.363636363636363535e+00 1.319444444444444420e+00
1.562500000000000000e+00 3.152003307006298716e+00 5.999999999999999778e-01 1.535087719298245723e+00
3.333333333333333481e+00 4.686236098774413605e+00 1.250000000000000000e+00 3.409090909090908728e+00
9.677419354838709964e-01 2.357850446783402720e+00 4.166666666666666297e-01 9.433962264150943522e-01
3.636363636363636243e+00 3.618641468532714178e+00 3.750000000000000000e+00 2.972972972972973249e+00
0.000000000000000000e+00 2.370989201240620403e+00 0.000000000000000000e+00 1.022727272727272707e+00
3.750000000000000000e+00 4.618401180018739893e+00 5.000000000000000000e+00 3.750000000000000000e+00
3.000000000000000000e+00 2.812152129331288997e+00 1.666666666666666519e+00 1.641791044776119479e+00
2.500000000000000000e+00 2.432701540036652954e+00 7.142857142857141906e-01 1.216216216216216228e+00
3.636363636363636243e+00 4.127871356585472995e+00 2.000000000000000000e+00 3.400000000000000355e+00
2.500000000000000000e+00 3.050962063854196771e+00 1.086956521739130377e+00 1.538461538461538547e+00
2.222222222222222321e+00 4.435866771637623884e+00 0.000000000000000000e+00 2.833333333333333037e+00
4.545454545454545858e+00 4.843032098827021237e+00 2.000000000000000000e+00 4.000000000000000000e+00
3.333333333333333481e+00 2.293350364418409892e+00 3.333333333333333037e+00 1.470588235294117752e+00
2.222222222222222321e+00 2.421153973392474068e+00 1.052631578947368363e+00 1.500000000000000000e+00
1.612903225806451513e+00 3.558294701448435404e+00 7.142857142857141906e-01 1.687500000000000000e+00
1.875000000000000000e+00 2.778156803031656352e+00 4.166666666666666297e-01 9.313725490196078649e-01
3.000000000000000000e+00 2.247601761470052306e+00 1.000000000000000000e+00 1.212121212121212155e+00
2.592592592592592560e+00 3.292230208215157994e+00 1.250000000000000000e+00 1.838235294117647189e+00
9.090909090909090606e-01 2.938226015672262381e+00 1.851851851851851749e-01 1.166666666666666741e+00
2.916666666666666519e+00 3.926879373313875377e+00 2.727272727272727071e+00 2.543859649122807376e+00
2.142857142857142794e+00 2.416078562185015599e+00 5.555555555555555802e-01 1.250000000000000000e+00
1.111111111111111160e+00 3.357205521865458842e+00 0.000000000000000000e+00 1.410256410256410131e+00
3.333333333333333481e+00 3.601619598578278403e+00 8.333333333333332593e-01 1.896551724137931050e+00
3.636363636363636243e+00 3.855731892522435977e+00 2.000000000000000000e+00 2.321428571428571619e+00
2.727272727272727071e+00 2.959086859096796474e+00 8.333333333333332593e-01 1.000000000000000000e+00
2.631578947368421240e+00 3.356851989878469222e+00 1.818181818181818343e+00 1.969696969696969724e+00
4.117647058823528994e+00 4.334122864672353970e+00 3.125000000000000000e+00 2.884615384615384137e+00
4.000000000000000000e+00 4.036848158328761649e+00 2.857142857142856762e+00 2.777777777777777679e+00
4.210526315789473450e+00 3.199043453866948994e+00 1.250000000000000000e+00 1.969696969696969724e+00
4.545454545454545858e+00 4.821308221392538229e+00 2.000000000000000000e+00 3.970588235294117307e+00
1.818181818181818121e+00 3.438272915795764106e+00 1.851851851851851749e-01 1.055045871559633142e+00
2.941176470588235503e+00 3.358497451273092516e+00 9.090909090909091717e-01 1.637931034482758452e+00
2.083333333333333481e+00 3.008321111393762237e+00 2.631578947368420907e-01 1.402439024390244038e+00
2.777777777777777679e+00 2.764522662925314123e+00 1.363636363636363535e+00 1.230769230769230838e+00
3.125000000000000000e+00 2.233570568425726321e+00 2.500000000000000000e+00 1.951219512195121908e+00
2.857142857142857206e+00 2.764872947409398485e+00 2.142857142857142794e+00 1.458333333333333481e+00
1.818181818181818121e+00 4.342566399681296652e+00 0.000000000000000000e+00 2.343750000000000000e+00
4.166666666666666963e+00 3.222584627872262519e+00 1.666666666666666519e+00 3.214285714285714413e+00
2.142857142857142794e+00 3.378979616801838670e+00 0.000000000000000000e+00 2.142857142857142794e+00
3.333333333333333481e+00 3.890091726504807834e+00 1.666666666666666519e+00 1.756756756756756799e+00
4.545454545454545858e+00 3.369883454550762991e+00 2.000000000000000000e+00 3.857142857142857206e+00
3.333333333333333481e+00 3.163177441761442221e+00 1.666666666666666519e+00 1.486486486486486625e+00
1.875000000000000000e+00 3.181413462951372395e+00 0.000000000000000000e+00 9.090909090909091717e-01
3.333333333333333481e+00 2.553678360012882287e+00 1.875000000000000000e+00 1.836734693877551061e+00
3.333333333333333148e-01 1.991957984450094754e+00 0.000000000000000000e+00 6.363636363636362425e-01
3.333333333333333481e+00 4.077058439237623233e+00 2.142857142857142794e+00 2.627118644067796716e+00
3.200000000000000178e+00 4.056986848506478616e+00 1.562500000000000000e+00 2.434210526315789380e+00
3.636363636363636243e+00 3.882326419811285678e+00 1.923076923076923128e+00 2.578125000000000000e+00
2.380952380952380931e+00 2.876317024191421545e+00 1.071428571428571397e+00 1.911764705882352811e+00
2.857142857142857206e+00 2.871075328796388604e+00 1.538461538461538547e+00 1.615384615384615419e+00
1.481481481481481399e+00 2.484991977697168064e+00 7.500000000000000000e-01 1.306818181818181657e+00
1.153846153846153744e+00 3.245639816396140187e+00 2.500000000000000000e-01 1.217948717948717841e+00
3.333333333333333481e+00 2.189996463335691423e+00 1.538461538461538547e+00 1.849315068493150527e+00
3.333333333333333481e+00 3.515588925258452679e+00 5.000000000000000000e-01 2.222222222222222321e+00
3.846153846153846256e+00 3.751116312226638883e+00 1.428571428571428381e+00 1.891891891891892108e+00
3.750000000000000000e+00 2.890860343537052124e+00 3.571428571428571619e+00 2.840909090909091272e+00
4.000000000000000000e+00 4.361566495136922406e+00 1.000000000000000000e+00 1.875000000000000000e+00
4.117647058823528994e+00 4.388916866212287715e+00 1.500000000000000000e+00 2.500000000000000000e+00
2.500000000000000000e+00 2.502786900026943151e+00 1.666666666666666519e+00 1.734693877551020336e+00
1.481481481481481399e+00 3.369446053504068228e+00 2.380952380952380820e-01 9.523809523809523281e-01
2.222222222222222321e+00 2.146401248968905939e+00 1.250000000000000000e+00 1.851851851851851638e+00
3.529411764705882248e+00 3.612899520709549783e+00 1.500000000000000000e+00 2.181818181818181657e+00
3.333333333333333481e+00 2.800656590658814338e+00 1.666666666666666519e+00 1.279069767441860517e+00
2.631578947368421240e+00 3.119718872283134825e+00 3.571428571428570953e-01 1.571428571428571397e+00
4.166666666666666963e+00 4.477310694941735392e+00 1.666666666666666519e+00 3.170731707317073322e+00
2.500000000000000000e+00 2.581423668946666083e+00 1.666666666666666519e+00 2.159090909090909172e+00
3.684210526315789380e+00 3.953813345107985988e+00 1.818181818181818343e+00 1.944444444444444420e+00
2.307692307692307487e+00 2.209003302027609639e+00 6.250000000000000000e-01 1.222222222222222099e+00
2.000000000000000000e+00 1.982741093571227076e+00 0.000000000000000000e+00 1.351351351351351315e+00
1.612903225806451513e+00 2.959940517519887848e+00 4.166666666666666297e-01 1.176470588235294157e+00
2.222222222222222321e+00 1.276969375719042787e+00 1.250000000000000000e+00 1.129032258064516014e+00
2.758620689655172598e+00 2.828324517607139210e+00 1.000000000000000000e+00 1.265060240963855387e+00
2.500000000000000000e+00 3.620567133307103891e+00 9.375000000000000000e-01 1.532258064516129004e+00
1.363636363636363535e+00 1.946899697956404607e+00 6.250000000000000000e-01 9.090909090909091717e-01
3.750000000000000000e+00 4.568421702250270222e+00 5.000000000000000000e+00 3.000000000000000000e+00
2.666666666666666519e+00 1.954907749151656438e+00 1.875000000000000000e+00 1.224489795918367374e+00
4.000000000000000000e+00 4.037761731628460637e+00 1.000000000000000000e+00 2.857142857142856762e+00
3.333333333333333481e+00 4.065221182390328813e+00 0.000000000000000000e+00 2.222222222222222321e+00
2.916666666666666519e+00 2.616995970990707576e+00 8.823529411764706731e-01 9.836065573770491621e-01
1.153846153846153744e+00 2.886646050356835858e+00 5.000000000000000000e-01 9.876543209876542662e-01
3.000000000000000000e+00 3.170149647894995315e+00 2.272727272727272485e+00 2.183098591549295531e+00
9.090909090909090606e-01 2.621249753721691889e+00 3.125000000000000000e-01 9.821428571428570953e-01
2.727272727272727071e+00 2.174362588123675444e+00 8.333333333333332593e-01 1.346153846153846034e+00
2.000000000000000000e+00 3.641312761167169398e+00 0.000000000000000000e+00 2.166666666666666963e+00
2.399999999999999911e+00 2.763022786414708776e+00 1.176470588235294157e+00 1.490384615384615419e+00
2.631578947368421240e+00 3.942005832781168007e+00 7.692307692307692735e-01 2.321428571428571619e+00
2.500000000000000000e+00 2.280264005263182625e+00 1.000000000000000000e+00 1.574074074074074181e+00
3.684210526315789380e+00 3.455192252911300166e+00 3.333333333333333037e+00 2.843137254901960453e+00
3.000000000000000000e+00 2.842978152287796600e+00 3.333333333333333148e-01 1.549295774647887258e+00
3.529411764705882248e+00 3.684307552683796061e+00 2.222222222222222321e+00 2.439024390243902385e+00
3.750000000000000000e+00 3.962282614539890169e+00 1.666666666666666519e+00 2.457627118644067910e+00
2.857142857142857206e+00 3.745333306795668893e+00 2.142857142857142794e+00 2.564102564102563875e+00
3.181818181818181657e+00 3.658399561055345472e+00 1.428571428571428381e+00 2.461538461538461675e+00
2.857142857142857206e+00 3.892973341951995181e+00 1.071428571428571397e+00 2.049180327868852736e+00
5.000000000000000000e+00 3.855970948300457835e+00 1.666666666666666519e+00 1.842105263157894690e+00
8.571428571428570953e-01 3.040381451974853100e+00 1.724137931034482873e-01 9.130434782608696231e-01
4.000000000000000000e+00 4.237855009099288139e+00 1.000000000000000000e+00 2.727272727272727071e+00
5.000000000000000000e+00 4.479842929910371474e+00 1.000000000000000000e+00 3.448275862068965747e+00
2.727272727272727071e+00 2.686151280230568261e+00 2.000000000000000000e+00 1.774193548387096975e+00
3.076923076923077094e+00 2.336113224328865812e+00 2.500000000000000000e+00 1.969696969696969724e+00
1.666666666666666741e+00 3.279933959101927421e+00 0.000000000000000000e+00 1.408450704225352235e+00
2.307692307692307487e+00 4.166148750133903178e+00 1.333333333333333259e+00 1.982758620689655249e+00
4.000000000000000000e+00 3.979057110736314851e+00 1.000000000000000000e+00 2.571428571428571175e+00
3.571428571428571619e+00 3.936393830725844367e+00 1.250000000000000000e+00 2.500000000000000000e+00
2.352941176470588314e+00 2.209480308878894128e+00 9.090909090909091717e-01 1.229508196721311508e+00
3.888888888888888840e+00 3.752967013075946934e+00 2.000000000000000000e+00 1.956521739130434812e+00
3.750000000000000000e+00 2.129975421026631288e+00 1.666666666666666519e+00 1.724137931034482873e+00
2.500000000000000000e+00 2.599430971879326258e+00 0.000000000000000000e+00 1.428571428571428381e+00
8.695652173913043237e-01 2.530089296480952044e+00 2.777777777777777901e-01 1.234567901234567833e+00
2.222222222222222321e+00 3.265849569103550287e+00 3.846153846153846367e-01 1.792452830188679069e+00
4.444444444444444642e+00 4.592596203964336432e+00 3.333333333333333037e+00 2.500000000000000000e+00
2.941176470588235503e+00 3.533214236070044478e+00 9.090909090909091717e-01 1.938775510204081565e+00
3.571428571428571619e+00 4.086936722474716177e+00 2.142857142857142794e+00 2.682926829268292845e+00
1.562500000000000000e+00 2.630659111188115240e+00 3.846153846153846367e-01 9.821428571428570953e-01
2.500000000000000000e+00 1.986597571008292595e+00 1.666666666666666519e+00 1.293103448275862100e+00
2.352941176470588314e+00 3.129860687571307309e+00 1.500000000000000000e+00 1.612903225806451513e+00
2.941176470588235503e+00 3.170134022490302961e+00 2.222222222222222321e+00 2.115384615384615419e+00
2.083333333333333481e+00 3.600735141667765760e+00 0.000000000000000000e+00 1.326530612244898100e+00
2.916666666666666519e+00 4.057198089009825814e+00 2.727272727272727071e+00 2.457627118644067910e+00
4.444444444444444642e+00 4.728646163587693074e+00 1.250000000000000000e+00 3.157894736842105310e+00
4.166666666666666963e+00 4.382422273822990988e+00 1.666666666666666519e+00 3.292682926829268553e+00
2.500000000000000000e+00 3.506713519618138708e+00 7.142857142857141906e-01 1.470588235294117752e+00
2.727272727272727071e+00 2.431738297201956556e+00 2.000000000000000000e+00 1.555555555555555580e+00
2.105263157894736725e+00 2.401513381029652727e+00 7.692307692307692735e-01 8.783783783783783994e-01
4.166666666666666963e+00 3.646559801070665241e+00 5.000000000000000000e+00 3.333333333333333037e+00
5.000000000000000000e+00 4.848853984546194873e+00 1.666666666666666519e+00 3.653846153846153744e+00
1.428571428571428603e+00 3.618221501691970765e+00 0.000000000000000000e+00 1.710526315789473673e+00
1.111111111111111160e+00 2.387610326714826758e+00 0.000000000000000000e+00 2.941176470588235392e-01
2.666666666666666519e+00 2.968805497243909297e+00 1.875000000000000000e+00 2.368421052631578760e+00
8.333333333333333703e-01 2.834261934915570436e+00 0.000000000000000000e+00 1.532258064516129004e+00
2.083333333333333481e+00 2.774363782820359337e+00 2.631578947368420907e-01 1.145833333333333259e+00
2.500000000000000000e+00 2.911787101578122261e+00 5.555555555555555802e-01 1.825396825396825351e+00
3.043478260869565410e+00 3.738410574144157117e+00 5.882352941176470784e-01 1.789473684210526327e+00
0.000000000000000000e+00 2.304523907550993567e+00 0.000000000000000000e+00 8.267716535433071723e-01
3.333333333333333481e+00 4.367638016842558812e+00 0.000000000000000000e+00 1.923076923076923128e+00
3.076923076923077094e+00 2.253149969686410348e+00 2.500000000000000000e+00 8.510638297872340496e-01
3.500000000000000000e+00 2.844971356906238480e+00 1.153846153846153966e+00 1.402439024390244038e+00
1.562500000000000000e+00 2.845768652586323277e+00 4.000000000000000222e-01 8.796296296296296502e-01
2.500000000000000000e+00 3.016479134989245026e+00 2.000000000000000000e+00 1.530612244897959329e+00
2.000000000000000000e+00 2.703877684725479735e+00 5.000000000000000000e-01 1.272727272727272485e+00
2.666666666666666519e+00 1.549701220652001776e+00 1.875000000000000000e+00 1.304347826086956541e+00
1.818181818181818121e+00 3.495305086461258259e+00 8.333333333333332593e-01 1.750000000000000000e+00
5.000000000000000000e+00 4.372017671019921004e+00 1.666666666666666519e+00 3.684210526315789380e+00
2.666666666666666519e+00 2.521732414034336678e+00 1.111111111111111160e+00 1.428571428571428381e+00
2.333333333333333481e+00 4.065202171227316974e+00 6.521739130434782705e-01 1.435185185185185119e+00
3.636363636363636243e+00 4.013553359283918986e+00 8.333333333333332593e-01 2.500000000000000000e+00
2.941176470588235503e+00 2.032986291422761216e+00 2.222222222222222321e+00 1.470588235294117752e+00
2.000000000000000000e+00 3.410095668174453198e+00 2.500000000000000000e-01 1.478873239436619746e+00
6.451612903225806273e-01 1.901006615296359170e+00 2.083333333333333148e-01 9.183673469387755306e-01
2.222222222222222321e+00 3.534722554907732128e+00 1.250000000000000000e+00 1.666666666666666519e+00
4.000000000000000000e+00 4.049652947079520615e+00 5.000000000000000000e+00 2.916666666666666963e+00
2.727272727272727071e+00 3.685138180178203271e+00 2.000000000000000000e+00 2.096774193548387011e+00
7.142857142857143016e-01 2.262881310260317136e+00 0.000000000000000000e+00 1.274509803921568540e+00
3.333333333333333481e+00 4.032354523547029501e+00 1.250000000000000000e+00 1.935483870967741993e+00
2.758620689655172598e+00 2.853868822701182584e+00 1.578947368421052655e+00 1.629213483146067620e+00
4.000000000000000000e+00 3.774180052211442149e+00 1.000000000000000000e+00 2.878787878787878896e+00
2.631578947368421240e+00 2.668799406101121097e+00 1.250000000000000000e+00 1.736111111111111160e+00
2.000000000000000000e+00 2.669690502510072783e+00 1.000000000000000000e+00 1.111111111111111160e+00
2.380952380952380931e+00 3.250448834119024966e+00 6.666666666666666297e-01 1.532258064516129004e+00
2.500000000000000000e+00 3.547939937103543162e+00 1.666666666666666519e+00 1.578947368421052655e+00
3.571428571428571619e+00 3.822221365031178486e+00 1.250000000000000000e+00 2.777777777777777679e+00
1.428571428571428603e+00 3.356551052188191164e+00 1.666666666666666574e-01 1.025641025641025550e+00
2.500000000000000000e+00 3.146338264543370400e+00 1.000000000000000000e+00 1.274509803921568540e+00
2.500000000000000000e+00 2.436883090304176491e+00 8.823529411764706731e-01 1.524390243902439046e+00
3.000000000000000000e+00 2.370465666878745825e+00 2.500000000000000000e+00 1.875000000000000000e+00
3.333333333333333481e+00 3.367565805174692617e+00 3.333333333333333037e+00 2.321428571428571619e+00
5.000000000000000000e+00 4.774325757263570225e+00 1.000000000000000000e+00 3.000000000000000000e+00
2.187500000000000000e+00 3.328750300527616446e+00 9.523809523809523281e-01 1.625000000000000000e+00
1.428571428571428603e+00 3.035600355163707853e+00 0.000000000000000000e+00 1.296296296296296280e+00
2.758620689655172598e+00 2.885210261839122659e+00 4.347826086956521618e-01 1.619047619047619069e+00
3.333333333333333481e+00 2.967804668722728412e+00 2.000000000000000000e+00 2.042253521126760507e+00
3.125000000000000000e+00 3.208187263698608405e+00 1.000000000000000000e+00 1.363636363636363535e+00
2.666666666666666519e+00 2.383396173004466601e+00 1.111111111111111160e+00 1.315789473684210398e+00
4.285714285714285587e+00 4.782557025883472868e+00 2.500000000000000000e+00 3.157894736842105310e+00
2.500000000000000000e+00 1.728582372254001687e+00 1.666666666666666519e+00 1.176470588235294157e+00
2.068965517241379448e+00 2.447647137141328422e+00 4.347826086956521618e-01 9.433962264150943522e-01
3.846153846153846256e+00 3.818747440560692041e+00 6.250000000000000000e-01 2.179487179487179738e+00
3.750000000000000000e+00 3.807052885257444341e+00 2.500000000000000000e+00 2.363636363636363757e+00
4.444444444444444642e+00 3.802578178270539677e+00 1.250000000000000000e+00 3.095238095238095344e+00
4.166666666666666963e+00 4.149588239343903417e+00 3.000000000000000000e+00 2.031250000000000000e+00
2.222222222222222321e+00 2.880014407798707765e+00 0.000000000000000000e+00 1.730769230769230838e+00
4.000000000000000000e+00 4.136329026644646412e+00 1.875000000000000000e+00 3.000000000000000000e+00
2.727272727272727071e+00 3.165931263000045348e+00 8.333333333333332593e-01 1.379310344827586299e+00
3.333333333333333481e+00 3.316816854867796760e+00 2.857142857142856762e+00 2.500000000000000000e+00
2.500000000000000000e+00 2.465978760873220210e+00 1.153846153846153966e+00 1.597222222222222099e+00
1.764705882352941124e+00 2.120275461415074947e+00 0.000000000000000000e+00 1.478873239436619746e+00
3.750000000000000000e+00 3.927710189390515971e+00 1.666666666666666519e+00 2.613636363636363313e+00
3.333333333333333481e+00 3.942932311755432906e+00 1.666666666666666519e+00 2.704918032786885362e+00
3.333333333333333481e+00 2.821064848864556662e+00 1.666666666666666519e+00 1.836734693877551061e+00
4.444444444444444642e+00 4.734872327467901876e+00 1.250000000000000000e+00 3.799999999999999822e+00
3.636363636363636243e+00 4.305775777208630473e+00 0.000000000000000000e+00 2.399999999999999911e+00
4.166666666666666963e+00 4.849420613574663363e+00 1.666666666666666519e+00 3.387096774193548043e+00
2.333333333333333481e+00 2.745863943046625177e+00 1.388888888888888840e+00 1.726190476190476275e+00
2.727272727272727071e+00 3.550320689781043537e+00 8.333333333333332593e-01 1.097560975609756184e+00
2.666666666666666519e+00 3.291664802698799352e+00 1.875000000000000000e+00 1.914893617021276473e+00
3.076923076923077094e+00 4.579370886327030377e+00 6.250000000000000000e-01 2.142857142857142794e+00
1.904761904761904656e+00 3.207730776039059428e+00 6.666666666666666297e-01 1.294117647058823595e+00
4.545454545454545858e+00 4.157697518098610878e+00 2.000000000000000000e+00 1.911764705882352811e+00
3.750000000000000000e+00 4.502873281228213287e+00 1.666666666666666519e+00 2.857142857142856762e+00
2.727272727272727071e+00 4.033574411523819236e+00 5.769230769230769829e-01 1.380952380952380931e+00
2.000000000000000000e+00 2.102419477575539375e+00 1.111111111111111160e+00 1.076923076923077094e+00
1.875000000000000000e+00 2.194443864787422704e+00 4.545454545454545858e-01 1.307692307692307709e+00
3.125000000000000000e+00 2.272341627625398264e+00 2.500000000000000000e+00 1.904761904761904656e+00
1.923076923076923128e+00 2.810443852103989837e+00 5.000000000000000000e-01 1.643835616438356073e+00
2.500000000000000000e+00 2.573195028217939218e+00 1.666666666666666519e+00 1.428571428571428381e+00
1.333333333333333259e+00 2.891275953845134694e+00 0.000000000000000000e+00 8.333333333333332593e-01
3.636363636363636243e+00 3.456059963795633294e+00 8.333333333333332593e-01 2.121212121212121104e+00
2.105263157894736725e+00 3.034917505654011638e+00 3.571428571428570953e-01 1.532258064516129004e+00
3.333333333333333481e+00 3.008713532290016701e+00 1.111111111111111160e+00 2.169811320754717165e+00
8.333333333333333703e-01 2.631785617467155003e+00 0.000000000000000000e+00 9.701492537313433084e-01
2.500000000000000000e+00 2.666259305414540037e+00 7.142857142857141906e-01 1.566265060240963791e+00
2.307692307692307487e+00 2.973841244237709791e+00 1.428571428571428381e+00 1.595744680851063801e+00
4.166666666666666963e+00 4.071672495830870986e+00 3.000000000000000000e+00 2.894736842105263275e+00
2.608695652173913082e+00 2.921587649084966376e+00 9.375000000000000000e-01 1.294117647058823595e+00
4.117647058823528994e+00 4.240099709878478507e+00 2.222222222222222321e+00 3.000000000000000000e+00
5.000000000000000000e+00 4.400827004361677730e+00 1.666666666666666519e+00 2.000000000000000000e+00
