3.137254901960784270e+00 3.718054051032248175e+00 2.121212121212121104e+00 2.649006622516556497e+00 4.000000000000000000e+00
2.399999999999999911e+00 3.816534452518856924e+00 5.263157894736841813e-01 1.981132075471698339e+00 3.750000000000000000e+00
2.812500000000000000e+00 3.240214038443838707e+00 8.333333333333332593e-01 1.585365853658536661e+00 2.799999999999999822e+00
3.809523809523809312e+00 4.151682350442778890e+00 3.260869565217391575e+00 3.520710059171597628e+00 3.399999999999999911e+00
1.612903225806451513e+00 2.758939511121669685e+00 1.923076923076923184e-01 9.226190476190476719e-01 2.399999999999999911e+00
1.818181818181818121e+00 3.408482419948489550e+00 1.785714285714285476e-01 6.953642384105960250e-01 1.332999999999999963e+00
2.857142857142857206e+00 3.645469178895376139e+00 5.000000000000000000e-01 1.594202898550724612e+00 4.599999999999999645e+00
3.333333333333333481e+00 3.898074775523284963e+00 1.250000000000000000e+00 2.607142857142857206e+00 3.799999999999999822e+00
3.750000000000000000e+00 3.842465791970054667e+00 1.666666666666666519e+00 2.539062500000000000e+00 4.200000000000000178e+00
2.058823529411764497e+00 2.637823386693604277e+00 5.555555555555555802e-01 1.722972972972972805e+00 2.600000000000000089e+00
3.137254901960784270e+00 4.104954603935142110e+00 7.317073170731707155e-01 2.071823204419889652e+00 4.400000000000000355e+00
4.799999999999999822e+00 4.448917724594030787e+00 2.187500000000000000e+00 3.941176470588235059e+00 4.200000000000000178e+00
4.545454545454545858e+00 4.755108480598241094e+00 2.692307692307692069e+00 3.320610687022900631e+00 5.000000000000000000e+00
4.489795918367346594e+00 4.913955199880360780e+00 1.617647058823529438e+00 3.742514970059880319e+00 5.000000000000000000e+00
3.888888888888888840e+00 4.536354355104223579e+00 8.333333333333332593e-01 3.402777777777777679e+00 5.000000000000000000e+00
3.529411764705882248e+00 3.952302264007427457e+00 1.521739130434782705e+00 2.148760330578512345e+00 3.399999999999999911e+00
3.809523809523809312e+00 3.875656014145441031e+00 1.071428571428571397e+00 2.000000000000000000e+00 5.000000000000000000e+00
3.000000000000000000e+00 3.048628397007313584e+00 1.190476190476190466e+00 1.595744680851063801e+00 4.000000000000000000e+00
2.399999999999999911e+00 3.873893336641323071e+00 8.333333333333332593e-01 1.826923076923076872e+00 3.200000000000000178e+00
2.500000000000000000e+00 4.741770760442958199e+00 2.000000000000000000e+00 3.235294117647058876e+00 5.000000000000000000e+00
4.193548387096774022e+00 3.702652918296590379e+00 8.695652173913043237e-01 2.423076923076922906e+00 4.400000000000000355e+00
2.000000000000000000e+00 2.613901568791355601e+00 5.263157894736841813e-01 1.350000000000000089e+00 3.600000000000000089e+00
2.399999999999999911e+00 3.870972919128223833e+00 2.500000000000000000e-01 1.363636363636363535e+00 3.600000000000000089e+00
1.724137931034482651e+00 2.825404607760934717e+00 4.347826086956521618e-01 1.047297297297297369e+00 8.000000000000000444e-01
2.857142857142857206e+00 3.024997776058433896e+00 3.125000000000000000e-01 1.122448979591836649e+00 1.399999999999999911e+00
4.468085106382978289e+00 4.550422711326870484e+00 2.962962962962962798e+00 3.453237410071942737e+00 3.200000000000000178e+00
3.571428571428571619e+00 3.941886796304641560e+00 1.333333333333333259e+00 2.288135593220339103e+00 3.799999999999999822e+00
2.758620689655172598e+00 3.544443625723330271e+00 9.523809523809523281e-01 1.850649350649350655e+00 4.200000000000000178e+00
3.913043478260869623e+00 4.586809459627944285e+00 2.241379310344827402e+00 3.515625000000000000e+00 3.000000000000000000e+00
3.095238095238095344e+00 3.472948571531034645e+00 1.129032258064516014e+00 1.976744186046511587e+00 3.600000000000000089e+00
3.125000000000000000e+00 3.622013744540164115e+00 8.333333333333332593e-01 2.226890756302521091e+00 3.000000000000000000e+00
2.571428571428571619e+00 4.131711104693904346e+00 7.407407407407406996e-01 1.888111888111887904e+00 3.000000000000000000e+00
2.000000000000000000e+00 3.543799417593862522e+00 4.166666666666666297e-01 1.946308724832214843e+00 3.000000000000000000e+00
4.390243902439024737e+00 4.702801665745742987e+00 1.851851851851851638e+00 3.482758620689654805e+00 4.799999999999999822e+00
2.368421052631578760e+00 3.828333009816535348e+00 8.620689655172414367e-01 1.855345911949685345e+00 2.500000000000000000e+00
1.818181818181818121e+00 2.988854935484874353e+00 6.250000000000000000e-01 1.122448979591836649e+00 2.250000000000000000e+00
2.500000000000000000e+00 3.599341731437045055e+00 8.333333333333332593e-01 1.550387596899224896e+00 3.500000000000000000e+00
2.799999999999999822e+00 3.875890594999810368e+00 1.176470588235294157e+00 1.888888888888888840e+00 3.500000000000000000e+00
4.000000000000000000e+00 3.061729442110292521e+00 2.500000000000000000e+00 2.872340425531914931e+00 3.000000000000000000e+00
3.823529411764706065e+00 3.195630251750863238e+00 7.692307692307692735e-01 1.732283464566929165e+00 3.000000000000000000e+00
3.214285714285714413e+00 3.949525436511136522e+00 7.142857142857141906e-01 2.365591397849462485e+00 3.666999999999999815e+00
1.764705882352941124e+00 2.789832828134757303e+00 5.555555555555555802e-01 9.638554216867469826e-01 1.667000000000000037e+00
3.111111111111111160e+00 3.903313649951800635e+00 1.029411764705882248e+00 2.254901960784313708e+00 3.600000000000000089e+00
3.695652173913043459e+00 3.872454636653128723e+00 1.000000000000000000e+00 2.068965517241379448e+00 3.799999999999999822e+00
3.125000000000000000e+00 4.234392234770056440e+00 8.333333333333332593e-01 2.032520325203251765e+00 3.399999999999999911e+00
2.571428571428571619e+00 3.711812584609686105e+00 5.357142857142856984e-01 1.523178807947019875e+00 3.399999999999999911e+00
4.000000000000000000e+00 4.525827820996918049e+00 3.181818181818181657e+00 3.446969696969697239e+00 3.799999999999999822e+00
2.285714285714285587e+00 3.766994737067973276e+00 9.615384615384615641e-01 1.794117647058823595e+00 2.799999999999999822e+00
4.285714285714285587e+00 4.550860378061052813e+00 2.750000000000000000e+00 3.426573426573426673e+00 3.750000000000000000e+00
3.684210526315789380e+00 4.418525906502471123e+00 2.162162162162162282e+00 3.016759776536312998e+00 4.400000000000000355e+00
3.103448275862068950e+00 4.380757030083878512e+00 6.818181818181817677e-01 3.103448275862068950e+00 3.750000000000000000e+00
4.250000000000000000e+00 4.369870841875320266e+00 1.666666666666666519e+00 2.977941176470588314e+00 2.750000000000000000e+00
4.000000000000000000e+00 4.064463965453373184e+00 2.826086956521738802e+00 3.068181818181818343e+00 3.750000000000000000e+00
2.580645161290322509e+00 3.805565847652969236e+00 4.000000000000000222e-01 1.418439716312056786e+00 2.250000000000000000e+00
3.636363636363636243e+00 3.898047763298586155e+00 8.000000000000000444e-01 2.294520547945205546e+00 3.799999999999999822e+00
2.258064516129032473e+00 2.767446631644072674e+00 8.695652173913043237e-01 1.643835616438356073e+00 3.200000000000000178e+00
2.121212121212121104e+00 3.483590219188101855e+00 3.703703703703703498e-01 1.250000000000000000e+00 3.799999999999999822e+00
2.391304347826086918e+00 3.819894438570489825e+00 5.263157894736841813e-01 1.643192488262910977e+00 4.799999999999999822e+00
3.191489361702127603e+00 3.955815524125745331e+00 1.718750000000000000e+00 2.142857142857142794e+00 4.000000000000000000e+00
2.549019607843137081e+00 3.630049709225468657e+00 7.317073170731707155e-01 1.644444444444444375e+00 1.399999999999999911e+00
3.469387755102040671e+00 4.265536153264401165e+00 9.210526315789473450e-01 2.549504950495049549e+00 4.200000000000000178e+00
2.439024390243902385e+00 4.042262636034156031e+00 1.607142857142857206e+00 2.106918238993710890e+00 1.800000000000000044e+00
4.042553191489361986e+00 4.048068042419772361e+00 2.413793103448275801e+00 2.934782608695652328e+00 4.200000000000000178e+00
2.068965517241379448e+00 1.898176670653915377e+00 9.523809523809523281e-01 1.422018348623853345e+00 2.000000000000000000e+00
1.935483870967741993e+00 3.302533221775483696e+00 6.250000000000000000e-01 1.250000000000000000e+00 2.600000000000000089e+00
4.571428571428571175e+00 4.646972927488874916e+00 3.611111111111111160e+00 3.532608695652173836e+00 3.250000000000000000e+00
3.428571428571428381e+00 4.261756173442145190e+00 9.615384615384615641e-01 2.933333333333333570e+00 5.000000000000000000e+00
3.421052631578947345e+00 4.568781870594215810e+00 8.620689655172414367e-01 2.355371900826446208e+00 3.000000000000000000e+00
3.333333333333333481e+00 3.805518756254569368e+00 2.037037037037036757e+00 2.840909090909091272e+00 3.750000000000000000e+00
3.255813953488372103e+00 3.864214098259170171e+00 1.500000000000000000e+00 2.994350282485875869e+00 4.250000000000000000e+00
4.090909090909090828e+00 4.790785779473667461e+00 1.451612903225806495e+00 3.239436619718309984e+00 4.750000000000000000e+00
2.500000000000000000e+00 3.616991515278101144e+00 1.086956521739130377e+00 1.582733812949640217e+00 3.250000000000000000e+00
2.321428571428571619e+00 3.695744502772863704e+00 6.521739130434782705e-01 1.575342465753424515e+00 3.750000000000000000e+00
3.076923076923077094e+00 3.891619993027056523e+00 1.111111111111111160e+00 2.037037037037036757e+00 3.250000000000000000e+00
3.076923076923077094e+00 3.717007547598990769e+00 1.111111111111111160e+00 2.086956521739130377e+00 3.799999999999999822e+00
4.444444444444444642e+00 4.505726119375560224e+00 1.052631578947368363e+00 2.819148936170212671e+00 5.000000000000000000e+00
4.166666666666666963e+00 4.505489650601179008e+00 2.586206896551724199e+00 3.046875000000000000e+00 3.600000000000000089e+00
2.758620689655172598e+00 3.640754437162077473e+00 1.578947368421052655e+00 1.707317073170731891e+00 3.799999999999999822e+00
2.105263157894736725e+00 3.035689312965079711e+00 3.571428571428570953e-01 1.744186046511627897e+00 2.000000000000000000e+00
3.103448275862068950e+00 3.596035525487755624e+00 1.250000000000000000e+00 2.284482758620689946e+00 3.399999999999999911e+00
4.200000000000000178e+00 4.370510888598544419e+00 2.187500000000000000e+00 3.406593406593406925e+00 4.200000000000000178e+00
2.978723404255319007e+00 3.736014476139968288e+00 1.935483870967741993e+00 2.577639751552794678e+00 3.399999999999999911e+00
3.157894736842105310e+00 2.749852803028778769e+00 7.692307692307692735e-01 1.739130434782608647e+00 3.000000000000000000e+00
2.500000000000000000e+00 3.789746040399143645e+00 5.555555555555555802e-01 1.834862385321101019e+00 3.000000000000000000e+00
4.000000000000000000e+00 3.770498566456377709e+00 2.826086956521738802e+00 3.129770992366412319e+00 3.250000000000000000e+00
2.727272727272727071e+00 3.748536549347440960e+00 5.769230769230769829e-01 2.086092715231788297e+00 2.750000000000000000e+00
2.500000000000000000e+00 3.917706627290395538e+00 1.176470588235294157e+00 2.469879518072289226e+00 2.600000000000000089e+00
2.666666666666666519e+00 3.111081998434283236e+00 4.166666666666666297e-01 1.785714285714285809e+00 3.399999999999999911e+00
2.500000000000000000e+00 4.085273536142032036e+00 1.000000000000000000e+00 2.329842931937172956e+00 3.600000000000000089e+00
3.030303030303030276e+00 3.656028155853228157e+00 1.590909090909090828e+00 1.961538461538461453e+00 3.600000000000000089e+00
4.222222222222222321e+00 4.469127493047472477e+00 2.068965517241379448e+00 3.013245033112582405e+00 4.799999999999999822e+00
3.269230769230769162e+00 4.014660210220856840e+00 1.153846153846153966e+00 2.303921568627450789e+00 4.000000000000000000e+00
2.962962962962962798e+00 4.289178231094607163e+00 7.500000000000000000e-01 2.303921568627450789e+00 3.600000000000000089e+00
3.529411764705882248e+00 4.380981900595720901e+00 8.750000000000000000e-01 2.335025380710659793e+00 3.399999999999999911e+00
2.000000000000000000e+00 3.491341716070399226e+00 3.333333333333333148e-01 1.463414634146341431e+00 2.399999999999999911e+00
3.750000000000000000e+00 3.847843243852733686e+00 1.666666666666666519e+00 2.157534246575342429e+00 4.222000000000000419e+00
2.758620689655172598e+00 3.443882018574609738e+00 1.578947368421052655e+00 2.117117117117117253e+00 3.000000000000000000e+00
3.250000000000000000e+00 3.696590242890833711e+00 1.428571428571428381e+00 1.689189189189189033e+00 3.000000000000000000e+00
3.125000000000000000e+00 4.138566197453418027e+00 8.333333333333332593e-01 2.719298245614035103e+00 2.750000000000000000e+00
4.000000000000000000e+00 4.465095816460146416e+00 2.187500000000000000e+00 3.195266272189349444e+00 4.000000000000000000e+00
2.000000000000000000e+00 2.479956656479497035e+00 7.142857142857141906e-01 1.340206185567010211e+00 1.750000000000000000e+00
2.702702702702702631e+00 3.667920976703662461e+00 6.896551724137931494e-01 1.611111111111111160e+00 1.750000000000000000e+00
3.076923076923077094e+00 3.601936407553659070e+00 5.000000000000000000e-01 2.058823529411764497e+00 4.500000000000000000e+00
2.653061224489795755e+00 4.093048550690350673e+00 9.210526315789473450e-01 2.005208333333333481e+00 3.250000000000000000e+00
4.473684210526315930e+00 4.785029845529342296e+00 2.391304347826086918e+00 3.527131782945736482e+00 5.000000000000000000e+00
3.125000000000000000e+00 4.148929053809297329e+00 1.666666666666666519e+00 2.230215827338129397e+00 3.000000000000000000e+00
2.727272727272727071e+00 4.006935508231420862e+00 8.000000000000000444e-01 1.863354037267080709e+00 2.799999999999999822e+00
3.548387096774193505e+00 4.082989751115614574e+00 1.750000000000000000e+00 2.368421052631578760e+00 2.666999999999999815e+00
2.820512820512820706e+00 4.137555752739074499e+00 3.030303030303030387e-01 1.937500000000000000e+00 4.000000000000000000e+00
3.555555555555555358e+00 4.483836018589671291e+00 2.500000000000000000e+00 3.055555555555555802e+00 4.400000000000000355e+00
4.081632653061224580e+00 4.586677079433357562e+00 1.428571428571428381e+00 3.233695652173913082e+00 4.250000000000000000e+00
3.030303030303030276e+00 4.298626970897264421e+00 1.304347826086956541e+00 2.137096774193548487e+00 4.176000000000000156e+00
2.399999999999999911e+00 3.937120659400323852e+00 5.263157894736841813e-01 1.799999999999999822e+00 3.000000000000000000e+00
2.692307692307692513e+00 3.890932592284811697e+00 5.263157894736841813e-01 1.380952380952380931e+00 2.500000000000000000e+00
2.000000000000000000e+00 3.810845390318680082e+00 5.405405405405405705e-01 1.492890995260663267e+00 3.799999999999999822e+00
3.478260869565217295e+00 3.706379395284695288e+00 1.333333333333333259e+00 2.697368421052631859e+00 4.599999999999999645e+00
3.500000000000000000e+00 4.182455500792915615e+00 1.923076923076923128e+00 2.852760736196318980e+00 1.399999999999999911e+00
2.903225806451612989e+00 3.619699802255460952e+00 4.000000000000000222e-01 1.611570247933884259e+00 2.799999999999999822e+00
2.333333333333333481e+00 2.817842373615513374e+00 6.521739130434782705e-01 1.541353383458646586e+00 2.799999999999999822e+00
3.333333333333333481e+00 4.150913768006327054e+00 8.333333333333332593e-01 2.066666666666666430e+00 4.200000000000000178e+00
2.758620689655172598e+00 2.821378013507902072e+00 2.083333333333333148e-01 1.376146788990825875e+00 1.000000000000000000e+00
3.939393939393939448e+00 4.325463730861430989e+00 2.250000000000000000e+00 3.097014925373134275e+00 4.200000000000000178e+00
2.173913043478260754e+00 3.428339177891591039e+00 2.777777777777777901e-01 1.176470588235294157e+00 2.750000000000000000e+00
2.777777777777777679e+00 3.865815075632699216e+00 3.846153846153846367e-01 1.588235294117646967e+00 2.500000000000000000e+00
3.548387096774193505e+00 3.818385414200779593e+00 1.190476190476190466e+00 2.153846153846154188e+00 3.500000000000000000e+00
2.500000000000000000e+00 3.463429322805027244e+00 0.000000000000000000e+00 1.774193548387096975e+00 4.750000000000000000e+00
3.255813953488372103e+00 4.001787348197448857e+00 2.222222222222222321e+00 2.672955974842767368e+00 3.000000000000000000e+00
2.592592592592592560e+00 3.156916938201617118e+00 2.272727272727272929e-01 2.475728155339806058e+00 3.500000000000000000e+00
4.285714285714285587e+00 4.115744444800244928e+00 1.551724137931034475e+00 3.260869565217391575e+00 4.000000000000000000e+00
2.068965517241379448e+00 2.973193802219124215e+00 4.347826086956521618e-01 1.324786324786324743e+00 2.000000000000000000e+00
3.191489361702127603e+00 4.060962037185081641e+00 1.774193548387096975e+00 2.835365853658536217e+00 3.200000000000000178e+00
3.437500000000000000e+00 4.146711125060459580e+00 1.086956521739130377e+00 2.500000000000000000e+00 3.600000000000000089e+00
3.250000000000000000e+00 3.801462439477659494e+00 1.206896551724137900e+00 2.608695652173913082e+00 3.799999999999999822e+00
4.615384615384614975e+00 4.917764913509761193e+00 3.275862068965516904e+00 4.246987951807229322e+00 5.000000000000000000e+00
2.820512820512820706e+00 3.807952410376818086e+00 1.071428571428571397e+00 1.908396946564885566e+00 4.000000000000000000e+00
2.000000000000000000e+00 2.881195920797483101e+00 3.333333333333333148e-01 1.858974358974359031e+00 3.000000000000000000e+00
3.125000000000000000e+00 3.435075974215374472e+00 1.363636363636363535e+00 1.750000000000000000e+00 2.500000000000000000e+00
3.409090909090909172e+00 3.251338873339012281e+00 2.142857142857142794e+00 2.166666666666666963e+00 3.000000000000000000e+00
4.000000000000000000e+00 4.272009916000293117e+00 2.380952380952380931e+00 2.699115044247787587e+00 4.000000000000000000e+00
3.658536585365853799e+00 4.080119812159090920e+00 1.379310344827586299e+00 2.661870503597122628e+00 2.000000000000000000e+00
2.500000000000000000e+00 3.465031003265565346e+00 1.086956521739130377e+00 1.604477611940298365e+00 3.000000000000000000e+00
2.399999999999999911e+00 3.779373195627666160e+00 5.263157894736841813e-01 1.422413793103448398e+00 2.625000000000000000e+00
2.884615384615384581e+00 4.010065252150982751e+00 8.536585365853659457e-01 2.019704433497536922e+00 3.200000000000000178e+00
3.653846153846153744e+00 4.568883697928070475e+00 1.486486486486486625e+00 2.830687830687830697e+00 4.000000000000000000e+00
3.255813953488372103e+00 3.399095814153932693e+00 1.724137931034482873e+00 2.134146341463414753e+00 3.200000000000000178e+00
2.352941176470588314e+00 3.092329637052442681e+00 1.000000000000000000e+00 1.770833333333333481e+00 2.399999999999999911e+00
3.799999999999999822e+00 4.517542994071400031e+00 1.571428571428571397e+00 3.128834355828221003e+00 4.400000000000000355e+00
2.954545454545454586e+00 4.382708782858735219e+00 1.060606060606060552e+00 1.677018633540372727e+00 3.600000000000000089e+00
2.500000000000000000e+00 3.932863911500399823e+00 1.451612903225806495e+00 2.642857142857142794e+00 2.399999999999999911e+00
2.857142857142857206e+00 4.093230779177842393e+00 1.199999999999999956e+00 2.518796992481203034e+00 3.600000000000000089e+00
4.000000000000000000e+00 4.692410843597027537e+00 1.842105263157894690e+00 3.588235294117647189e+00 4.599999999999999645e+00
3.111111111111111160e+00 4.197462110740173280e+00 1.406250000000000000e+00 2.317708333333333481e+00 4.400000000000000355e+00
4.255319148936170137e+00 4.329936315237334021e+00 2.166666666666666963e+00 3.273381294964028854e+00 4.400000000000000355e+00
4.782608695652173836e+00 4.806901050644896145e+00 4.130434782608695343e+00 4.096774193548387011e+00 4.599999999999999645e+00
2.702702702702702631e+00 4.095603270717652400e+00 6.896551724137931494e-01 2.748344370860927199e+00 4.400000000000000355e+00
2.258064516129032473e+00 3.149923703242353490e+00 1.428571428571428381e+00 1.832061068702290019e+00 2.600000000000000089e+00
2.592592592592592560e+00 3.283900094285296500e+00 1.052631578947368363e+00 1.782178217821781985e+00 3.600000000000000089e+00
3.200000000000000178e+00 3.906379371656476529e+00 8.333333333333332593e-01 1.881720430107526987e+00 4.200000000000000178e+00
2.941176470588235503e+00 3.714391566943708867e+00 1.250000000000000000e+00 1.774193548387096975e+00 3.200000000000000178e+00
2.000000000000000000e+00 2.722439661351498952e+00 5.263157894736841813e-01 1.071428571428571397e+00 2.000000000000000000e+00
3.571428571428571619e+00 3.327756330960390585e+00 2.500000000000000000e+00 2.903225806451612989e+00 2.799999999999999822e+00
2.888888888888888840e+00 3.787421384553387504e+00 1.833333333333333259e+00 2.057291666666666519e+00 1.600000000000000089e+00
3.636363636363636243e+00 4.214695516476963277e+00 1.304347826086956541e+00 1.858407079646017923e+00 3.399999999999999911e+00
3.191489361702127603e+00 4.128381561590853899e+00 1.935483870967741993e+00 2.228260869565217295e+00 4.000000000000000000e+00
2.666666666666666519e+00 3.716174475291946333e+00 1.842105263157894690e+00 1.974789915966386422e+00 2.600000000000000089e+00
3.454545454545454586e+00 4.156353864256987052e+00 1.219512195121951192e+00 2.190721649484536293e+00 2.799999999999999822e+00
3.142857142857142794e+00 3.577368767307753661e+00 5.357142857142856984e-01 1.546762589928057707e+00 3.000000000000000000e+00
4.250000000000000000e+00 3.400879187780840862e+00 2.826086956521738802e+00 2.993827160493827133e+00 3.600000000000000089e+00
3.392857142857142794e+00 3.995133333477731696e+00 1.046511627906976827e+00 2.139737991266375428e+00 5.000000000000000000e+00
3.076923076923077094e+00 3.722401450681815049e+00 1.034482758620689724e+00 2.034883720930232620e+00 3.399999999999999911e+00
3.653846153846153744e+00 4.140016610689450260e+00 1.486486486486486625e+00 3.125000000000000000e+00 4.000000000000000000e+00
2.424242424242424310e+00 3.379106562574600847e+00 1.041666666666666741e+00 1.590909090909090828e+00 4.000000000000000000e+00
3.055555555555555358e+00 4.098720351812858098e+00 1.666666666666666519e+00 2.110091743119266283e+00 3.500000000000000000e+00
3.478260869565217295e+00 4.362222400203755512e+00 1.363636363636363535e+00 2.296296296296296280e+00 4.500000000000000000e+00
3.043478260869565410e+00 4.022569170919006787e+00 9.375000000000000000e-01 2.226890756302521091e+00 3.200000000000000178e+00
2.916666666666666519e+00 2.815951901102994981e+00 1.250000000000000000e+00 1.559633027522935755e+00 3.799999999999999822e+00
3.000000000000000000e+00 4.339780606346558045e+00 1.034482758620689724e+00 2.035714285714285587e+00 3.200000000000000178e+00
4.117647058823528994e+00 4.434341335367708581e+00 1.911764705882352811e+00 3.027027027027027195e+00 4.000000000000000000e+00
2.571428571428571619e+00 3.722176991296214155e+00 9.615384615384615641e-01 1.585365853658536661e+00 3.250000000000000000e+00
3.658536585365853799e+00 4.371191929458006165e+00 1.607142857142857206e+00 2.711864406779660897e+00 3.000000000000000000e+00
3.333333333333333481e+00 3.891091189666157746e+00 2.083333333333333481e+00 2.674418604651162656e+00 4.250000000000000000e+00
2.702702702702702631e+00 1.815380094425446345e+00 1.400000000000000133e+00 1.375838926174496546e+00 1.500000000000000000e+00
3.809523809523809312e+00 4.309036697386697590e+00 6.666666666666666297e-01 1.875000000000000000e+00 4.250000000000000000e+00
3.541666666666666519e+00 4.503217258805389811e+00 1.111111111111111160e+00 2.910052910052909780e+00 4.250000000000000000e+00
2.000000000000000000e+00 2.867114548050273992e+00 4.166666666666666297e-01 1.187050359712230163e+00 7.500000000000000000e-01
3.200000000000000178e+00 4.192753125872759945e+00 1.969696969696969724e+00 2.777777777777777679e+00 3.000000000000000000e+00
3.863636363636363757e+00 4.074534384205788839e+00 3.000000000000000000e+00 3.061224489795918657e+00 3.500000000000000000e+00
3.250000000000000000e+00 3.780300245464618403e+00 1.428571428571428381e+00 1.975308641975308532e+00 3.750000000000000000e+00
2.307692307692307487e+00 3.675972848739126331e+00 7.894736842105263275e-01 1.269841269841269771e+00 4.000000000000000000e+00
2.222222222222222321e+00 3.319547952284390924e+00 6.944444444444444198e-01 1.505376344086021501e+00 1.750000000000000000e+00
3.703703703703703720e+00 4.206970784360559712e+00 1.052631578947368363e+00 1.902654867256637017e+00 1.750000000000000000e+00
3.076923076923077094e+00 4.134619991035174635e+00 1.153846153846153966e+00 1.516393442622950838e+00 3.750000000000000000e+00
3.076923076923077094e+00 3.643666170967470919e+00 1.111111111111111160e+00 2.393162393162393098e+00 4.000000000000000000e+00
3.030303030303030276e+00 3.891706944483496855e+00 5.769230769230769829e-01 1.428571428571428381e+00 2.000000000000000000e+00
3.333333333333333481e+00 3.521380999972205217e+00 2.142857142857142794e+00 2.721518987341772444e+00 3.399999999999999911e+00
2.325581395348837344e+00 3.027677681824388678e+00 9.090909090909091717e-01 1.637931034482758452e+00 1.399999999999999911e+00
4.772727272727272485e+00 4.913880324446359360e+00 3.333333333333333037e+00 4.184397163120567420e+00 4.799999999999999822e+00
2.105263157894736725e+00 3.299296766457743502e+00 0.000000000000000000e+00 1.250000000000000000e+00 2.000000000000000000e+00
3.799999999999999822e+00 3.956629434053867911e+00 1.764705882352941346e+00 3.033707865168539630e+00 3.399999999999999911e+00
2.708333333333333481e+00 3.919108565455647231e+00 7.894736842105263275e-01 1.840909090909090828e+00 2.399999999999999911e+00
3.555555555555555358e+00 4.297956515124725207e+00 2.321428571428571619e+00 2.463768115942029269e+00 3.399999999999999911e+00
4.693877551020408490e+00 4.850734810548978260e+00 3.035714285714285587e+00 4.035087719298245723e+00 4.799999999999999822e+00
2.500000000000000000e+00 3.647196414224340710e+00 2.631578947368420907e-01 1.394230769230769162e+00 2.600000000000000089e+00
1.724137931034482651e+00 2.251679487173657179e+00 2.083333333333333148e-01 1.287878787878787845e+00 2.399999999999999911e+00
2.333333333333333481e+00 3.208086131895124371e+00 9.090909090909091717e-01 1.611570247933884259e+00 2.600000000000000089e+00
2.380952380952380931e+00 3.954191545274785557e+00 0.000000000000000000e+00 1.273584905660377409e+00 2.799999999999999822e+00
4.186046511627907307e+00 4.650924003896807157e+00 2.500000000000000000e+00 3.586956521739130377e+00 4.400000000000000355e+00
3.783783783783783772e+00 3.978660047196016514e+00 2.173913043478260754e+00 3.101851851851851638e+00 3.200000000000000178e+00
1.428571428571428603e+00 2.986781125598042763e+00 4.545454545454545858e-01 1.283185840707964598e+00 2.399999999999999911e+00
3.513513513513513598e+00 4.354764933135443883e+00 1.875000000000000000e+00 3.100775193798449791e+00 4.000000000000000000e+00
2.903225806451612989e+00 3.864103466661639619e+00 6.250000000000000000e-01 1.666666666666666519e+00 3.250000000000000000e+00
2.592592592592592560e+00 4.242108469873933529e+00 4.761904761904761640e-01 1.869565217391304435e+00 4.000000000000000000e+00
3.720930232558139483e+00 4.357402377110777714e+00 3.125000000000000000e+00 2.993630573248407423e+00 2.750000000000000000e+00
3.939393939393939448e+00 4.107661162651582210e+00 1.304347826086956541e+00 2.627737226277372606e+00 4.000000000000000000e+00
2.051282051282051100e+00 3.016720612453234196e+00 8.333333333333332593e-01 1.491228070175438569e+00 3.600000000000000089e+00
3.611111111111111160e+00 3.728192744941920100e+00 2.619047619047619069e+00 2.946428571428571619e+00 3.600000000000000089e+00
3.548387096774193505e+00 4.095295381948151459e+00 2.105263157894736725e+00 2.231404958677686068e+00 4.400000000000000355e+00
3.571428571428571619e+00 4.534840526402365235e+00 1.379310344827586299e+00 2.481481481481481399e+00 3.799999999999999822e+00
3.902439024390243816e+00 3.899249154946029527e+00 3.409090909090908728e+00 2.947761194029850706e+00 4.200000000000000178e+00
3.488372093023255793e+00 3.502341238468293483e+00 1.500000000000000000e+00 2.527472527472527375e+00 3.600000000000000089e+00
3.703703703703703720e+00 4.157153969792573456e+00 7.500000000000000000e-01 2.500000000000000000e+00 4.599999999999999645e+00
3.773584905660377409e+00 4.190072871579139324e+00 3.166666666666666519e+00 3.243243243243243423e+00 3.600000000000000089e+00
4.074074074074074403e+00 4.126661396791651448e+00 3.214285714285714413e+00 3.353658536585366168e+00 3.250000000000000000e+00
2.903225806451612989e+00 3.927992148655328197e+00 1.428571428571428381e+00 1.973684210526315930e+00 4.000000000000000000e+00
3.714285714285714413e+00 4.149604040051973364e+00 9.615384615384615641e-01 2.730263157894736725e+00 4.500000000000000000e+00
2.068965517241379448e+00 4.072438683080850552e+00 9.523809523809523281e-01 2.072072072072072224e+00 2.500000000000000000e+00
3.913043478260869623e+00 4.470034829730843207e+00 3.076923076923077094e+00 3.050314465408805020e+00 3.750000000000000000e+00
4.000000000000000000e+00 4.402356852233398676e+00 2.321428571428571619e+00 3.533333333333333215e+00 4.000000000000000000e+00
2.162162162162162282e+00 3.371318769084394429e+00 7.142857142857141906e-01 1.363636363636363535e+00 1.500000000000000000e+00
1.944444444444444420e+00 3.221322430354489619e+00 7.142857142857141906e-01 2.413793103448275801e+00 3.750000000000000000e+00
2.500000000000000000e+00 3.422165360928229205e+00 1.000000000000000000e+00 1.741935483870967749e+00 3.455000000000000071e+00
4.634146341463414309e+00 4.850881776455146621e+00 3.409090909090908728e+00 3.357664233576642232e+00 5.000000000000000000e+00
2.500000000000000000e+00 3.327623379124346137e+00 2.500000000000000000e-01 1.383928571428571619e+00 3.750000000000000000e+00
3.636363636363636243e+00 4.277705232566138882e+00 1.891891891891892108e+00 2.772020725388601115e+00 4.000000000000000000e+00
3.333333333333333481e+00 4.556151415840044017e+00 1.500000000000000000e+00 2.372881355932203284e+00 2.500000000000000000e+00
2.500000000000000000e+00 3.088652941876099955e+00 5.882352941176470784e-01 1.077586206896551602e+00 2.500000000000000000e-01
2.500000000000000000e+00 3.518172801644534609e+00 5.555555555555555802e-01 1.400000000000000133e+00 1.750000000000000000e+00
4.705882352941176627e+00 4.839171717919970028e+00 3.103448275862068950e+00 4.370370370370370239e+00 5.000000000000000000e+00
3.030303030303030276e+00 3.760641653753580727e+00 8.000000000000000444e-01 1.925925925925926041e+00 3.833000000000000185e+00
4.473684210526315930e+00 4.424197468239258413e+00 1.296296296296296280e+00 3.310344827586206851e+00 3.750000000000000000e+00
2.500000000000000000e+00 3.638359068225772930e+00 1.000000000000000000e+00 2.142857142857142794e+00 3.250000000000000000e+00
2.500000000000000000e+00 3.142579016763320521e+00 7.352941176470588758e-01 1.276595744680850908e+00 2.750000000000000000e+00
3.260869565217391131e+00 4.287558555523603765e+00 1.774193548387096975e+00 2.696969696969697239e+00 3.000000000000000000e+00
4.062500000000000000e+00 4.044434335710237249e+00 2.000000000000000000e+00 2.964601769911504370e+00 4.400000000000000355e+00
3.235294117647058876e+00 4.138876382085328487e+00 1.250000000000000000e+00 2.544642857142856762e+00 3.200000000000000178e+00
2.857142857142857206e+00 4.347390193610497278e+00 7.692307692307692735e-01 1.950000000000000178e+00 4.599999999999999645e+00
3.823529411764706065e+00 4.122540888767091793e+00 2.500000000000000000e+00 3.238095238095238138e+00 3.600000000000000089e+00
2.307692307692307487e+00 3.594590090063514598e+00 3.030303030303030387e-01 1.530054644808743092e+00 4.400000000000000355e+00
3.055555555555555358e+00 3.730853420877667581e+00 1.153846153846153966e+00 2.161016949152542388e+00 3.399999999999999911e+00
3.846153846153846256e+00 4.526386566596908523e+00 1.034482758620689724e+00 2.589928057553956720e+00 4.056000000000000050e+00
3.695652173913043459e+00 4.083358315711982378e+00 2.500000000000000000e+00 2.655367231638417813e+00 3.500000000000000000e+00
4.615384615384614975e+00 4.793006583286894440e+00 3.275862068965516904e+00 4.207650273224043502e+00 5.000000000000000000e+00
3.783783783783783772e+00 4.542729596680805670e+00 1.875000000000000000e+00 2.991071428571428381e+00 3.000000000000000000e+00
3.000000000000000000e+00 3.246342645132024529e+00 2.000000000000000111e-01 9.523809523809523281e-01 3.750000000000000000e+00
4.000000000000000000e+00 4.433736658149914689e+00 3.000000000000000000e+00 3.607142857142857206e+00 4.000000000000000000e+00
3.076923076923077094e+00 4.011581052805891723e+00 6.451612903225806273e-01 2.044198895027624197e+00 4.000000000000000000e+00
2.857142857142857206e+00 4.391334140106911477e+00 7.142857142857141906e-01 2.314814814814814881e+00 4.750000000000000000e+00
2.799999999999999822e+00 4.234529639713678684e+00 1.388888888888888840e+00 2.039800995024875441e+00 3.750000000000000000e+00
3.111111111111111160e+00 4.261997224095196657e+00 1.406250000000000000e+00 2.404371584699453557e+00 3.799999999999999822e+00
3.055555555555555358e+00 3.577814057794127756e+00 9.259259259259258190e-01 2.331081081081081141e+00 4.000000000000000000e+00
2.962962962962962798e+00 4.204251591205132144e+00 7.500000000000000000e-01 2.162162162162162282e+00 3.500000000000000000e+00
3.529411764705882248e+00 3.508422569121459667e+00 1.818181818181818343e+00 2.156862745098039547e+00 3.000000000000000000e+00
2.894736842105263275e+00 3.956489540555762741e+00 2.173913043478260754e+00 2.540983606557376984e+00 3.176000000000000156e+00
2.500000000000000000e+00 3.875797611796809594e+00 8.695652173913043237e-01 2.065217391304347672e+00 4.200000000000000178e+00
2.173913043478260754e+00 3.021796374913316985e+00 2.777777777777777901e-01 1.633663366336633782e+00 3.399999999999999911e+00
4.347826086956521507e+00 4.737660169023538259e+00 3.076923076923077094e+00 3.333333333333333037e+00 4.599999999999999645e+00
3.870967741935483986e+00 3.751862810634073675e+00 1.428571428571428381e+00 2.644628099173553792e+00 4.000000000000000000e+00
4.000000000000000000e+00 3.943072805309012274e+00 1.923076923076923128e+00 2.938931297709923562e+00 4.000000000000000000e+00
3.333333333333333481e+00 3.444128821607321811e+00 1.041666666666666741e+00 1.847826086956521507e+00 3.250000000000000000e+00
3.529411764705882248e+00 4.529177146519042907e+00 1.521739130434782705e+00 2.520661157024793209e+00 3.642999999999999794e+00
2.399999999999999911e+00 3.684953763550455452e+00 2.500000000000000000e-01 1.428571428571428381e+00 3.600000000000000089e+00
3.829787234042553390e+00 4.591207214425931937e+00 2.166666666666666963e+00 3.372093023255813726e+00 4.000000000000000000e+00
1.764705882352941124e+00 2.770728066112772225e+00 3.571428571428570953e-01 8.426966292134830949e-01 1.000000000000000000e+00
3.333333333333333481e+00 4.429381323640338763e+00 2.000000000000000111e-01 2.279411764705882248e+00 3.399999999999999911e+00
3.783783783783783772e+00 4.328660993749558372e+00 2.500000000000000000e+00 3.280000000000000249e+00 1.750000000000000000e+00
2.500000000000000000e+00 3.304639560194173153e+00 1.086956521739130377e+00 1.554054054054053946e+00 3.000000000000000000e+00
3.333333333333333481e+00 3.532739564182096448e+00 9.090909090909091717e-01 2.752293577981651751e+00 3.250000000000000000e+00
2.608695652173913082e+00 3.121611922442003362e+00 2.777777777777777901e-01 1.009174311926605672e+00 2.750000000000000000e+00
3.428571428571428381e+00 4.023981337161487204e+00 1.739130434782608647e+00 3.008474576271185974e+00 3.399999999999999911e+00
2.187500000000000000e+00 4.189204354419747034e+00 0.000000000000000000e+00 1.260162601626016121e+00 3.600000000000000089e+00
4.000000000000000000e+00 4.323743984425886033e+00 1.969696969696969724e+00 2.586206896551724199e+00 3.200000000000000178e+00
3.095238095238095344e+00 3.618148010840820383e+00 1.333333333333333259e+00 2.225433526011560748e+00 3.200000000000000178e+00
3.181818181818181657e+00 3.858229503538000316e+00 0.000000000000000000e+00 1.547619047619047672e+00 2.799999999999999822e+00
2.333333333333333481e+00 2.832146651981605423e+00 9.090909090909091717e-01 1.605504587155963447e+00 2.399999999999999911e+00
3.809523809523809312e+00 4.314318350074898056e+00 1.333333333333333259e+00 3.111888111888112096e+00 3.399999999999999911e+00
3.529411764705882248e+00 4.281949548095975722e+00 1.000000000000000000e+00 2.519379844961240345e+00 3.600000000000000089e+00
2.413793103448275801e+00 3.364646448803631618e+00 6.818181818181817677e-01 1.846846846846846857e+00 3.799999999999999822e+00
3.225806451612903025e+00 4.218982012719988184e+00 1.750000000000000000e+00 2.278911564625850428e+00 3.399999999999999911e+00
3.421052631578947345e+00 3.875802421422747113e+00 8.620689655172414367e-01 2.795031055900620842e+00 4.799999999999999822e+00
3.414634146341463339e+00 4.280197532834884022e+00 1.607142857142857206e+00 2.347560975609756184e+00 3.799999999999999822e+00
3.095238095238095344e+00 3.609464459169626327e+00 1.551724137931034475e+00 2.172619047619047450e+00 3.333000000000000185e+00
2.758620689655172598e+00 4.014645422004564423e+00 6.818181818181817677e-01 2.107438016528925484e+00 2.500000000000000000e+00
2.631578947368421240e+00 3.597379535429263697e+00 1.250000000000000000e+00 1.780821917808219190e+00 3.500000000000000000e+00
2.500000000000000000e+00 3.597640762342561693e+00 0.000000000000000000e+00 1.538461538461538547e+00 1.899999999999999911e+00
2.857142857142857206e+00 4.039658990326250532e+00 5.357142857142856984e-01 1.975308641975308532e+00 3.000000000000000000e+00
3.902439024390243816e+00 4.228492540929801535e+00 2.954545454545454586e+00 3.699186991869918728e+00 3.600000000000000089e+00
3.225806451612903025e+00 4.315277655683529723e+00 1.428571428571428381e+00 2.240000000000000213e+00 2.399999999999999911e+00
3.684210526315789380e+00 4.071450242307856016e+00 2.857142857142856762e+00 2.972972972972973249e+00 3.200000000000000178e+00
2.727272727272727071e+00 3.507399867392749115e+00 1.304347826086956541e+00 1.380368098159509227e+00 2.000000000000000000e+00
3.200000000000000178e+00 3.593609656936416652e+00 1.176470588235294157e+00 2.090909090909090828e+00 3.799999999999999822e+00
3.225806451612903025e+00 4.015005050170817213e+00 1.136363636363636243e+00 2.045454545454545414e+00 3.000000000000000000e+00
2.830188679245282835e+00 3.792460921986337219e+00 6.976744186046511809e-01 1.530172413793103203e+00 3.692000000000000171e+00
2.272727272727272929e+00 3.623652475972962694e+00 2.941176470588235392e-01 1.553398058252426939e+00 3.000000000000000000e+00
2.799999999999999822e+00 4.006554494264392474e+00 1.562500000000000000e+00 1.941747572815534006e+00 3.000000000000000000e+00
2.368421052631578760e+00 2.827309616573060680e+00 1.296296296296296280e+00 1.521739130434782705e+00 2.750000000000000000e+00
2.500000000000000000e+00 3.888187648736112667e+00 1.818181818181818343e+00 2.355371900826446208e+00 3.250000000000000000e+00
3.714285714285714413e+00 4.048380108814047418e+00 1.458333333333333481e+00 2.610062893081761093e+00 3.250000000000000000e+00
2.962962962962962798e+00 4.149025467115512456e+00 1.052631578947368363e+00 2.626262626262626299e+00 3.750000000000000000e+00
3.783783783783783772e+00 4.315034873978046193e+00 2.500000000000000000e+00 3.008130081300813163e+00 3.600000000000000089e+00
3.095238095238095344e+00 4.051011836708819480e+00 1.129032258064516014e+00 2.120253164556961778e+00 3.500000000000000000e+00
4.634146341463414309e+00 4.972137860246844454e+00 1.607142857142857206e+00 3.430656934306569816e+00 5.000000000000000000e+00
4.000000000000000000e+00 4.343036442845149558e+00 2.321428571428571619e+00 3.368794326241134840e+00 3.750000000000000000e+00
3.125000000000000000e+00 4.218306196203470471e+00 1.666666666666666519e+00 2.162162162162162282e+00 3.000000000000000000e+00
2.799999999999999822e+00 2.974532309254021012e+00 5.263157894736841813e-01 1.861702127659574435e+00 4.000000000000000000e+00
2.894736842105263275e+00 3.536397542696034790e+00 1.799999999999999822e+00 2.067669172932330657e+00 3.333000000000000185e+00
3.571428571428571619e+00 4.194225413870412034e+00 1.551724137931034475e+00 2.500000000000000000e+00 3.333000000000000185e+00
3.421052631578947345e+00 3.778731061746660291e+00 8.620689655172414367e-01 2.000000000000000000e+00 4.666999999999999815e+00
3.846153846153846256e+00 3.961308639167048895e+00 1.875000000000000000e+00 2.899999999999999911e+00 3.333000000000000185e+00
2.666666666666666519e+00 3.228715495871936181e+00 1.190476190476190466e+00 1.343283582089552119e+00 2.600000000000000089e+00
3.461538461538461675e+00 3.950719737612387483e+00 2.500000000000000000e+00 2.538071065989847774e+00 2.399999999999999911e+00
2.380952380952380931e+00 3.027040187006004412e+00 3.125000000000000000e-01 1.470588235294117752e+00 3.857000000000000206e+00
3.142857142857142794e+00 3.836401375724819651e+00 1.458333333333333481e+00 1.952054794520547976e+00 1.800000000000000044e+00
3.783783783783783772e+00 4.630463919388155603e+00 2.500000000000000000e+00 2.717391304347826164e+00 3.600000000000000089e+00
2.285714285714285587e+00 3.902607912063858375e+00 9.615384615384615641e-01 1.732954545454545636e+00 2.399999999999999911e+00
3.611111111111111160e+00 3.959381580374854437e+00 1.666666666666666519e+00 2.340425531914893664e+00 3.000000000000000000e+00
2.333333333333333481e+00 3.540387519508413128e+00 4.166666666666666297e-01 1.881188118811881083e+00 2.000000000000000000e+00
2.307692307692307487e+00 3.161886082589132840e+00 5.000000000000000000e-01 1.271929824561403688e+00 1.600000000000000089e+00
2.702702702702702631e+00 4.125571594276385312e+00 1.111111111111111160e+00 2.222222222222222321e+00 4.000000000000000000e+00
3.428571428571428381e+00 4.182423973961534536e+00 1.000000000000000000e+00 1.928571428571428603e+00 3.600000000000000089e+00
2.413793103448275801e+00 3.597000400026999500e+00 2.083333333333333148e-01 1.730769230769230838e+00 3.799999999999999822e+00
3.571428571428571619e+00 4.304738105667969883e+00 1.551724137931034475e+00 2.166666666666666963e+00 4.400000000000000355e+00
3.658536585365853799e+00 4.363448715953060386e+00 2.399999999999999911e+00 2.927631578947368141e+00 3.000000000000000000e+00
3.023255813953488413e+00 4.054913134618843173e+00 1.607142857142857206e+00 1.897590361445783191e+00 3.799999999999999822e+00
3.243243243243243423e+00 3.701739360739447982e+00 1.600000000000000089e+00 2.281250000000000000e+00 3.000000000000000000e+00
3.333333333333333481e+00 4.159379281421968777e+00 5.555555555555555802e-01 1.666666666666666519e+00 4.250000000000000000e+00
1.481481481481481399e+00 2.872823143622599940e+00 4.761904761904761640e-01 1.318181818181818121e+00 1.272999999999999909e+00
2.068965517241379448e+00 2.977675726219988217e+00 4.347826086956521618e-01 1.167883211678832023e+00 1.000000000000000000e+00
3.076923076923077094e+00 3.561964798418450595e+00 1.470588235294117752e+00 1.767676767676767735e+00 3.000000000000000000e+00
4.230769230769230838e+00 3.723399627733963158e+00 1.470588235294117752e+00 2.596153846153846256e+00 4.000000000000000000e+00
2.580645161290322509e+00 3.616659638364446927e+00 8.695652173913043237e-01 1.666666666666666519e+00 3.500000000000000000e+00
3.461538461538461675e+00 4.367971059654038868e+00 1.470588235294117752e+00 2.544642857142856762e+00 4.000000000000000000e+00
3.541666666666666519e+00 4.484843356919965274e+00 7.894736842105263275e-01 2.678571428571428381e+00 3.250000000000000000e+00
2.500000000000000000e+00 3.546010033028743624e+00 3.846153846153846367e-01 1.366459627329192683e+00 2.000000000000000000e+00
2.121212121212121104e+00 3.242696590065663464e+00 1.785714285714285476e-01 9.722222222222222099e-01 1.000000000000000000e+00
2.564102564102564319e+00 3.241137791154203196e+00 1.034482758620689724e+00 1.535947712418300748e+00 3.000000000000000000e+00
2.571428571428571619e+00 3.869107860996471082e+00 1.199999999999999956e+00 2.178571428571428825e+00 2.600000000000000089e+00
2.500000000000000000e+00 3.552110981083066221e+00 1.153846153846153966e+00 1.914893617021276473e+00 2.600000000000000089e+00
2.068965517241379448e+00 3.130511786484999615e+00 6.818181818181817677e-01 1.837606837606837740e+00 4.599999999999999645e+00
3.529411764705882248e+00 3.719489077601851879e+00 2.142857142857142794e+00 2.452830188679245182e+00 3.200000000000000178e+00
3.863636363636363757e+00 4.346037269438147277e+00 2.692307692307692069e+00 3.377192982456140413e+00 3.000000000000000000e+00
3.461538461538461675e+00 4.359937683163996880e+00 5.000000000000000000e-01 2.298387096774193505e+00 4.750000000000000000e+00
2.500000000000000000e+00 3.782773146639979434e+00 1.190476190476190466e+00 1.694214876033057759e+00 2.750000000000000000e+00
2.083333333333333481e+00 3.532142791898680301e+00 2.631578947368420907e-01 1.379310344827586299e+00 4.500000000000000000e+00
2.894736842105263275e+00 3.663988368593136258e+00 8.620689655172414367e-01 1.622516556291390799e+00 2.750000000000000000e+00
2.352941176470588314e+00 2.453194976445442599e+00 1.250000000000000000e+00 1.692913385826771755e+00 2.200000000000000178e+00
4.545454545454545858e+00 4.530948823608398790e+00 1.590909090909090828e+00 2.559055118110236116e+00 3.000000000000000000e+00
2.894736842105263275e+00 4.175374321562586033e+00 6.666666666666666297e-01 2.234042553191489144e+00 2.399999999999999911e+00
4.318181818181818343e+00 4.436094597566524911e+00 2.916666666666666963e+00 3.455284552845528268e+00 3.000000000000000000e+00
3.396226415094339757e+00 4.436648199606943344e+00 1.805555555555555580e+00 3.060109289617486183e+00 3.000000000000000000e+00
4.000000000000000000e+00 4.471820050161941396e+00 2.321428571428571619e+00 3.431952662721893255e+00 4.000000000000000000e+00
2.857142857142857206e+00 3.613624647515989441e+00 4.545454545454545858e-01 1.911764705882352811e+00 2.588000000000000078e+00
2.666666666666666519e+00 3.385567139054583841e+00 1.190476190476190466e+00 2.170542635658914588e+00 3.600000000000000089e+00
3.235294117647058876e+00 4.265744430064868808e+00 1.086956521739130377e+00 2.000000000000000000e+00 4.666999999999999815e+00
2.500000000000000000e+00 4.323498292273916022e+00 1.964285714285714191e+00 2.881944444444444198e+00 3.333000000000000185e+00
2.857142857142857206e+00 3.997287369645936117e+00 4.545454545454545858e-01 1.363636363636363535e+00 2.333000000000000185e+00
3.225806451612903025e+00 3.807352967267981114e+00 6.250000000000000000e-01 1.811023622047244208e+00 3.333000000000000185e+00
3.000000000000000000e+00 4.036971413150439503e+00 1.842105263157894690e+00 2.355371900826446208e+00 3.000000000000000000e+00
3.076923076923077094e+00 4.019364512460750660e+00 1.470588235294117752e+00 2.204724409448818978e+00 2.250000000000000000e+00
2.758620689655172598e+00 3.993167540423634865e+00 1.578947368421052655e+00 2.297297297297297369e+00 2.500000000000000000e+00
4.000000000000000000e+00 4.359160933005994387e+00 2.592592592592592560e+00 3.074534161490683370e+00 3.250000000000000000e+00
4.062500000000000000e+00 4.032183146720075051e+00 2.368421052631578760e+00 3.034188034188034067e+00 4.000000000000000000e+00
4.074074074074074403e+00 4.358726995117962133e+00 1.052631578947368363e+00 2.380952380952380931e+00 4.500000000000000000e+00
2.000000000000000000e+00 3.081012319741467831e+00 7.142857142857141906e-01 1.261682242990654013e+00 3.500000000000000000e+00
4.200000000000000178e+00 4.639424911464952395e+00 2.666666666666666519e+00 3.522727272727272929e+00 4.750000000000000000e+00
2.413793103448275801e+00 2.768796327516382050e+00 6.818181818181817677e-01 1.382978723404255428e+00 2.000000000000000000e+00
4.358974358974358587e+00 4.300447584512786747e+00 3.333333333333333037e+00 3.458904109589040932e+00 3.600000000000000089e+00
2.592592592592592560e+00 2.388777973108473063e+00 1.111111111111111160e+00 1.455696202531645556e+00 2.769000000000000128e+00
4.848484848484848619e+00 4.341078319288207865e+00 3.125000000000000000e+00 3.214285714285714413e+00 3.399999999999999911e+00
3.333333333333333481e+00 3.664685345454170573e+00 6.666666666666666297e-01 1.479591836734693855e+00 4.000000000000000000e+00
2.857142857142857206e+00 3.884753268614622890e+00 1.000000000000000000e+00 2.031250000000000000e+00 3.500000000000000000e+00
2.857142857142857206e+00 3.920806170016911452e+00 1.538461538461538547e+00 1.904761904761904656e+00 2.000000000000000000e+00
2.692307692307692513e+00 3.713769931728717388e+00 2.380952380952380820e-01 1.260869565217391131e+00 4.000000000000000000e+00
2.631578947368421240e+00 3.044952624172474476e+00 7.692307692307692735e-01 1.531531531531531432e+00 2.799999999999999822e+00
3.000000000000000000e+00 3.885391818545409492e+00 3.333333333333333148e-01 1.272727272727272485e+00 1.399999999999999911e+00
3.589743589743589869e+00 3.973003231622782128e+00 2.608695652173913082e+00 2.862595419847328237e+00 4.000000000000000000e+00
3.478260869565217295e+00 2.712227443701913376e+00 2.500000000000000000e+00 1.959459459459459429e+00 3.200000000000000178e+00
2.500000000000000000e+00 3.768240976355166083e+00 9.090909090909091717e-01 1.842105263157894690e+00 1.800000000000000044e+00
2.972972972972972805e+00 3.577956774643880067e+00 1.400000000000000133e+00 2.415254237288135375e+00 3.399999999999999911e+00
5.000000000000000000e+00 4.999999999999999112e+00 3.799999999999999822e+00 4.650349650349650865e+00 4.732999999999999652e+00
2.941176470588235503e+00 3.064734223762091148e+00 1.521739130434782705e+00 2.083333333333333481e+00 1.600000000000000089e+00
3.333333333333333481e+00 3.922343582047015609e+00 9.090909090909091717e-01 2.640000000000000124e+00 3.200000000000000178e+00
3.750000000000000000e+00 4.230915834671534093e+00 1.363636363636363535e+00 2.903225806451612989e+00 4.799999999999999822e+00
3.421052631578947345e+00 4.357353289132776197e+00 1.071428571428571397e+00 2.430555555555555358e+00 1.399999999999999911e+00
2.647058823529411686e+00 3.602487315287461911e+00 1.136363636363636243e+00 1.944444444444444420e+00 2.600000000000000089e+00
3.409090909090909172e+00 4.192732995251782668e+00 7.142857142857141906e-01 2.127659574468085069e+00 3.500000000000000000e+00
2.812500000000000000e+00 3.253671848093878438e+00 1.666666666666666519e+00 2.180851063829787329e+00 3.750000000000000000e+00
3.636363636363636243e+00 4.164867731498992143e+00 2.250000000000000000e+00 2.889908256880733717e+00 3.250000000000000000e+00
1.666666666666666741e+00 2.962583334621266218e+00 6.521739130434782705e-01 8.759124087591241281e-01 1.750000000000000000e+00
4.102564102564102200e+00 4.328423350691558369e+00 2.608695652173913082e+00 3.652173913043478493e+00 3.000000000000000000e+00
3.461538461538461675e+00 4.393488258183889883e+00 1.081081081081081141e+00 1.864406779661016866e+00 3.500000000000000000e+00
3.000000000000000000e+00 3.657053956733813838e+00 1.190476190476190466e+00 2.621359223300970598e+00 3.250000000000000000e+00
1.818181818181818121e+00 3.127778197612720579e+00 3.703703703703703498e-01 9.062500000000000000e-01 5.000000000000000000e-01
2.692307692307692513e+00 3.743804092888189938e+00 7.894736842105263275e-01 1.652173913043478048e+00 2.250000000000000000e+00
2.903225806451612989e+00 3.026727281888977217e+00 4.000000000000000222e-01 1.484375000000000000e+00 4.000000000000000000e+00
2.580645161290322509e+00 3.714402552216879982e+00 4.000000000000000222e-01 1.631944444444444420e+00 3.250000000000000000e+00
3.589743589743589869e+00 4.137144769427064439e+00 6.451612903225806273e-01 1.502732240437158584e+00 4.250000000000000000e+00
2.380952380952380931e+00 3.756050888911280694e+00 6.666666666666666297e-01 1.761363636363636465e+00 2.399999999999999911e+00
1.851851851851851860e+00 2.864374643666255160e+00 4.761904761904761640e-01 1.500000000000000000e+00 2.399999999999999911e+00
2.272727272727272929e+00 3.552218243149573240e+00 2.941176470588235392e-01 1.595744680851063801e+00 4.000000000000000000e+00
3.500000000000000000e+00 4.263268759007120323e+00 7.142857142857141906e-01 2.500000000000000000e+00 3.000000000000000000e+00
3.555555555555555358e+00 4.463506196627403000e+00 2.592592592592592560e+00 3.323529411764705621e+00 3.399999999999999911e+00
2.954545454545454586e+00 4.030664034114773919e+00 1.607142857142857206e+00 2.226027397260273766e+00 3.799999999999999822e+00
4.500000000000000000e+00 4.801329525592300307e+00 2.826086956521738802e+00 3.928571428571428381e+00 4.000000000000000000e+00
4.074074074074074403e+00 4.020392927423176666e+00 3.214285714285714413e+00 3.235294117647058876e+00 3.200000000000000178e+00
2.500000000000000000e+00 3.327909039484220788e+00 4.545454545454545858e-01 1.545454545454545414e+00 3.500000000000000000e+00
1.818181818181818121e+00 3.330194613484435351e+00 2.941176470588235392e-01 1.084905660377358583e+00 2.500000000000000000e+00
2.812500000000000000e+00 4.116314039097815680e+00 8.333333333333332593e-01 1.666666666666666519e+00 4.500000000000000000e+00
4.857142857142856762e+00 4.815136746186875705e+00 2.750000000000000000e+00 3.401360544217686854e+00 4.500000000000000000e+00
2.222222222222222321e+00 3.628128169627457211e+00 7.500000000000000000e-01 1.869158878504672883e+00 3.600000000000000089e+00
3.461538461538461675e+00 3.997695660727975664e+00 1.315789473684210398e+00 2.536585365853658569e+00 2.799999999999999822e+00
3.555555555555555358e+00 4.095865732993098973e+00 1.833333333333333259e+00 2.701863354037267406e+00 4.799999999999999822e+00
2.000000000000000000e+00 3.275574356118374553e+00 4.166666666666666297e-01 1.006289308176100628e+00 8.000000000000000444e-01
2.173913043478260754e+00 2.695475297973558781e+00 9.375000000000000000e-01 1.542553191489361764e+00 4.091000000000000192e+00
2.777777777777777679e+00 3.858112045232955367e+00 1.153846153846153966e+00 1.912751677852349008e+00 2.250000000000000000e+00
4.528301886792452713e+00 4.790766968872651077e+00 2.424242424242424310e+00 3.719512195121951414e+00 5.000000000000000000e+00
4.571428571428571175e+00 4.854202257579981250e+00 2.750000000000000000e+00 3.982300884955752185e+00 3.750000000000000000e+00
3.157894736842105310e+00 3.772106282646015885e+00 0.000000000000000000e+00 1.781609195402298784e+00 3.666999999999999815e+00
2.916666666666666519e+00 2.954984929721671261e+00 1.666666666666666519e+00 1.799999999999999822e+00 2.666999999999999815e+00
2.592592592592592560e+00 3.717748604233586995e+00 4.761904761904761640e-01 1.737288135593220373e+00 3.333000000000000185e+00
2.058823529411764497e+00 3.518722142798735852e+00 7.692307692307692735e-01 1.369426751592356606e+00 3.000000000000000000e+00
3.529411764705882248e+00 4.269920002490341204e+00 1.911764705882352811e+00 2.765957446808510856e+00 3.443999999999999950e+00
3.684210526315789380e+00 3.840690594050957252e+00 1.250000000000000000e+00 2.625000000000000000e+00 3.799999999999999822e+00
2.799999999999999822e+00 3.422479154147718639e+00 8.333333333333332593e-01 1.730769230769230838e+00 3.000000000000000000e+00
3.061224489795918213e+00 4.190383536424443278e+00 1.250000000000000000e+00 2.523584905660377409e+00 3.600000000000000089e+00
3.000000000000000000e+00 3.846969190629840440e+00 1.000000000000000000e+00 2.142857142857142794e+00 3.750000000000000000e+00
2.500000000000000000e+00 4.437886840499595031e+00 2.000000000000000000e+00 2.753623188405796895e+00 5.000000000000000000e+00
2.972972972972972805e+00 4.138709059772406995e+00 5.000000000000000000e-01 1.753246753246753276e+00 3.000000000000000000e+00
3.333333333333333481e+00 4.240603187927030504e+00 1.153846153846153966e+00 2.327044025157232632e+00 3.250000000000000000e+00
3.076923076923077094e+00 4.403334120528289652e+00 1.034482758620689724e+00 2.391304347826086918e+00 3.399999999999999911e+00
3.658536585365853799e+00 4.507249299763174122e+00 1.379310344827586299e+00 2.723880597014925353e+00 3.799999999999999822e+00
2.941176470588235503e+00 3.942840197084034326e+00 7.317073170731707155e-01 2.133027522935779796e+00 3.600000000000000089e+00
3.235294117647058876e+00 4.629949122806030992e+00 1.818181818181818343e+00 2.851239669421487655e+00 3.399999999999999911e+00
4.090909090909090828e+00 4.676006777047049034e+00 2.608695652173913082e+00 3.471074380165289242e+00 3.600000000000000089e+00
2.333333333333333481e+00 3.309227938562269156e+00 2.000000000000000111e-01 1.581196581196581130e+00 2.399999999999999911e+00
2.758620689655172598e+00 3.686045480167465804e+00 1.250000000000000000e+00 2.285714285714285587e+00 2.399999999999999911e+00
3.103448275862068950e+00 3.833592483949223251e+00 6.818181818181817677e-01 1.697247706422018387e+00 2.399999999999999911e+00
3.333333333333333481e+00 3.163417760453421934e+00 7.500000000000000000e-01 1.422018348623853345e+00 4.500000000000000000e+00
1.612903225806451513e+00 3.247539738777533991e+00 1.923076923076923184e-01 1.057692307692307709e+00 8.890000000000000124e-01
3.260869565217391131e+00 3.625251906234660648e+00 1.774193548387096975e+00 2.410714285714285587e+00 3.250000000000000000e+00
3.750000000000000000e+00 4.691690206604272717e+00 2.500000000000000000e+00 3.410852713178294415e+00 4.750000000000000000e+00
4.000000000000000000e+00 4.432214093438934022e+00 1.406250000000000000e+00 3.390804597701149170e+00 4.750000000000000000e+00
4.000000000000000000e+00 4.551922903952853261e+00 2.586206896551724199e+00 3.000000000000000000e+00 4.000000000000000000e+00
2.777777777777777679e+00 3.824390656274187617e+00 1.153846153846153966e+00 1.288343558282208701e+00 3.500000000000000000e+00
3.541666666666666519e+00 4.597196456670980425e+00 1.142857142857142794e+00 2.729885057471264531e+00 5.000000000000000000e+00
3.000000000000000000e+00 3.353210953758025248e+00 1.666666666666666519e+00 1.853932584269663009e+00 3.600000000000000089e+00
3.846153846153846256e+00 4.260805018452379578e+00 2.954545454545454586e+00 2.772277227722772519e+00 3.000000000000000000e+00
3.529411764705882248e+00 4.117773100935028019e+00 1.250000000000000000e+00 2.949999999999999734e+00 3.799999999999999822e+00
2.647058823529411686e+00 4.311290521810213328e+00 1.000000000000000000e+00 2.159090909090909172e+00 3.000000000000000000e+00
2.222222222222222321e+00 3.050491514635180756e+00 3.846153846153846367e-01 1.611111111111111160e+00 1.800000000000000044e+00
4.705882352941176627e+00 4.671122049515172847e+00 2.500000000000000000e+00 3.053097345132743001e+00 4.799999999999999822e+00
2.500000000000000000e+00 4.094441158572083239e+00 8.333333333333332593e-01 2.320000000000000284e+00 3.799999999999999822e+00
3.235294117647058876e+00 4.181777736869288553e+00 3.571428571428570953e-01 1.415662650602409700e+00 3.600000000000000089e+00
4.074074074074074403e+00 4.105939493349499259e+00 2.187500000000000000e+00 2.477876106194690120e+00 4.000000000000000000e+00
4.347826086956521507e+00 4.398440920309690583e+00 2.500000000000000000e+00 3.560606060606060552e+00 4.599999999999999645e+00
2.258064516129032473e+00 3.048442118483625229e+00 8.695652173913043237e-01 1.402877697841726556e+00 3.799999999999999822e+00
4.090909090909090828e+00 4.248164192883927548e+00 2.142857142857142794e+00 3.029411764705882248e+00 4.799999999999999822e+00
1.333333333333333259e+00 1.979496275543135120e+00 2.000000000000000111e-01 1.019736842105263053e+00 2.000000000000000000e+00
3.571428571428571619e+00 4.120826953311730989e+00 2.037037037037036757e+00 3.040540540540540349e+00 3.200000000000000178e+00
3.953488372093023173e+00 4.009825870687452110e+00 1.964285714285714191e+00 3.028169014084507005e+00 2.200000000000000178e+00
3.414634146341463339e+00 4.086031166758003152e+00 1.166666666666666741e+00 2.447552447552447497e+00 4.000000000000000000e+00
3.725490196078431460e+00 4.348014630471313424e+00 1.025641025641025550e+00 2.237442922374428989e+00 4.200000000000000178e+00
1.612903225806451513e+00 3.712695980420130937e+00 6.250000000000000000e-01 1.273885350318471277e+00 2.000000000000000000e+00
2.173913043478260754e+00 3.305529740409226314e+00 2.777777777777777901e-01 9.401709401709401615e-01 1.199999999999999956e+00
3.793103448275862100e+00 4.460392739317232014e+00 1.944444444444444420e+00 2.706422018348623837e+00 4.000000000000000000e+00
2.758620689655172598e+00 3.901817131314197606e+00 6.818181818181817677e-01 2.142857142857142794e+00 3.000000000000000000e+00
1.351351351351351315e+00 2.822849937052306579e+00 3.225806451612903136e-01 8.552631578947368363e-01 8.000000000000000444e-01
3.902439024390243816e+00 4.618269041778864548e+00 3.043478260869565410e+00 3.700787401574803237e+00 2.799999999999999822e+00
2.121212121212121104e+00 2.986053452320449608e+00 8.000000000000000444e-01 1.757812500000000000e+00 3.000000000000000000e+00
3.000000000000000000e+00 3.583147157242573044e+00 1.000000000000000000e+00 2.233333333333333393e+00 3.799999999999999822e+00
2.692307692307692513e+00 3.579008523256492769e+00 7.894736842105263275e-01 1.831683168316831534e+00 4.400000000000000355e+00
1.923076923076923128e+00 3.151141858307719534e+00 2.380952380952380820e-01 1.422413793103448398e+00 2.600000000000000089e+00
1.818181818181818121e+00 3.231950177534538504e+00 5.769230769230769829e-01 1.622516556291390799e+00 1.399999999999999911e+00
2.200000000000000178e+00 3.205016340924899954e+00 8.974358974358974672e-01 1.682464454976303259e+00 3.200000000000000178e+00
2.222222222222222321e+00 3.253614355850098949e+00 7.142857142857141906e-01 1.690647482014388636e+00 1.600000000000000089e+00
2.000000000000000000e+00 3.725725469452499272e+00 5.263157894736841813e-01 1.434782608695652328e+00 3.000000000000000000e+00
3.333333333333333481e+00 3.696275486585947068e+00 1.285714285714285587e+00 2.139175257731958713e+00 3.273000000000000131e+00
3.877551020408163129e+00 4.401625981438415103e+00 2.500000000000000000e+00 3.029411764705882248e+00 4.000000000000000000e+00
4.042553191489361986e+00 4.459494298738857943e+00 1.935483870967741993e+00 3.443113772455089538e+00 3.250000000000000000e+00
2.972972972972972805e+00 4.033283306675214952e+00 1.346153846153846034e+00 2.382812500000000000e+00 3.250000000000000000e+00
3.928571428571428381e+00 4.148667577461421452e+00 4.545454545454545858e-01 2.304687500000000000e+00 5.000000000000000000e+00
3.243243243243243423e+00 4.148696059015810178e+00 1.875000000000000000e+00 2.419354838709677491e+00 3.500000000000000000e+00
4.090909090909090828e+00 4.478248405819347688e+00 1.666666666666666519e+00 2.979452054794520688e+00 3.416999999999999815e+00
2.653061224489795755e+00 2.512823393221578883e+00 7.692307692307692735e-01 1.597633136094674722e+00 1.750000000000000000e+00
3.333333333333333481e+00 3.481026807230165776e+00 1.025641025641025550e+00 1.794258373205741552e+00 2.700000000000000178e+00
1.851851851851851860e+00 2.926302265204218322e+00 0.000000000000000000e+00 1.132075471698113178e+00 2.750000000000000000e+00
3.243243243243243423e+00 4.027899477117479421e+00 1.111111111111111160e+00 2.279411764705882248e+00 3.750000000000000000e+00
2.962962962962962798e+00 3.515457817101652171e+00 7.500000000000000000e-01 1.959999999999999964e+00 3.750000000000000000e+00
3.437500000000000000e+00 4.359969567053761708e+00 2.000000000000000000e+00 2.744360902255639445e+00 4.110999999999999766e+00
2.068965517241379448e+00 2.965657577728640248e+00 9.523809523809523281e-01 1.470588235294117752e+00 3.600000000000000089e+00
2.000000000000000000e+00 2.796211595564876973e+00 7.142857142857141906e-01 1.300000000000000044e+00 4.000000000000000000e+00
4.054054054054054390e+00 4.541104550095363734e+00 1.875000000000000000e+00 3.410852713178294415e+00 4.200000000000000178e+00
3.478260869565217295e+00 4.077750635358391662e+00 1.562500000000000000e+00 2.277486910994764191e+00 3.750000000000000000e+00
3.636363636363636243e+00 4.300340544697437650e+00 2.250000000000000000e+00 3.302752293577981835e+00 3.799999999999999822e+00
2.000000000000000000e+00 2.674339595354082721e+00 2.500000000000000000e-01 1.578947368421052655e+00 4.400000000000000355e+00
3.695652173913043459e+00 4.192539978149208757e+00 1.774193548387096975e+00 2.883597883597883715e+00 3.600000000000000089e+00
4.081632653061224580e+00 4.396119407954037328e+00 2.758620689655172598e+00 2.941176470588235503e+00 4.599999999999999645e+00
2.857142857142857206e+00 3.317606768239353965e+00 7.142857142857141906e-01 1.732026143790849737e+00 1.667000000000000037e+00
2.903225806451612989e+00 4.018374703037062901e+00 1.136363636363636243e+00 2.333333333333333481e+00 4.000000000000000000e+00
3.448275862068965303e+00 4.211329035697312761e+00 1.250000000000000000e+00 1.929133858267716439e+00 4.333000000000000185e+00
3.200000000000000178e+00 3.977982899427142449e+00 8.333333333333332593e-01 1.932773109243697496e+00 3.000000000000000000e+00
2.500000000000000000e+00 3.358277168887592978e+00 1.000000000000000000e+00 1.520000000000000018e+00 3.500000000000000000e+00
3.111111111111111160e+00 3.774177681427518749e+00 1.451612903225806495e+00 2.469135802469135665e+00 3.500000000000000000e+00
2.750000000000000000e+00 3.533988784128494931e+00 8.064516129032257563e-01 1.415662650602409700e+00 2.000000000000000000e+00
2.500000000000000000e+00 4.003965046711225995e+00 5.999999999999999778e-01 1.821192052980132203e+00 3.750000000000000000e+00
3.333333333333333481e+00 3.886155268639766014e+00 1.612903225806451513e+00 2.565789473684210620e+00 2.000000000000000000e+00
3.846153846153846256e+00 4.275066649186669565e+00 1.875000000000000000e+00 2.857142857142856762e+00 4.333000000000000185e+00
1.818181818181818121e+00 3.026925912861155865e+00 1.785714285714285476e-01 1.507936507936507908e+00 1.800000000000000044e+00
2.564102564102564319e+00 3.879818685556300384e+00 1.250000000000000000e+00 2.101910828025477684e+00 2.666999999999999815e+00
2.500000000000000000e+00 3.536920005063853623e+00 2.045454545454545414e+00 2.164179104477611748e+00 3.799999999999999822e+00
2.894736842105263275e+00 3.589363147564717416e+00 8.620689655172414367e-01 1.911764705882352811e+00 3.200000000000000178e+00
3.333333333333333481e+00 4.039494223347076307e+00 1.111111111111111160e+00 1.854838709677419484e+00 2.799999999999999822e+00
2.399999999999999911e+00 2.353558437482292209e+00 8.333333333333332593e-01 1.403508771929824483e+00 2.200000000000000178e+00
3.235294117647058876e+00 4.063147556401805360e+00 1.250000000000000000e+00 2.103174603174603252e+00 4.333000000000000185e+00
2.631578947368421240e+00 2.743953629066106181e+00 7.692307692307692735e-01 1.500000000000000000e+00 2.000000000000000000e+00
2.500000000000000000e+00 4.407228149281016805e+00 2.222222222222222321e+00 3.300000000000000266e+00 3.000000000000000000e+00
1.500000000000000000e+00 3.609704440838574335e+00 3.333333333333333148e-01 1.213592233009708643e+00 2.333000000000000185e+00
2.799999999999999822e+00 2.891861008889854645e+00 1.562500000000000000e+00 1.836734693877551061e+00 3.250000000000000000e+00
2.558139534883721034e+00 3.174209366290469347e+00 1.500000000000000000e+00 1.947368421052631415e+00 2.250000000000000000e+00
2.173913043478260754e+00 3.336081553322234328e+00 5.882352941176470784e-01 1.323529411764705843e+00 3.500000000000000000e+00
2.500000000000000000e+00 3.115869820088732478e+00 1.000000000000000000e+00 1.614173228346456490e+00 2.250000000000000000e+00
1.666666666666666741e+00 3.100959156301865693e+00 2.000000000000000111e-01 8.860759493670886666e-01 7.500000000000000000e-01
4.137931034482758896e+00 4.010480688123462478e+00 1.250000000000000000e+00 2.526881720430107503e+00 4.000000000000000000e+00
3.095238095238095344e+00 3.777190989129964649e+00 2.307692307692307931e+00 2.530864197530864335e+00 3.500000000000000000e+00
4.200000000000000178e+00 4.521385931603187025e+00 2.666666666666666519e+00 3.811188811188810810e+00 5.000000000000000000e+00
2.244897959183673297e+00 2.899467302025787951e+00 5.000000000000000000e-01 1.512605042016806678e+00 3.750000000000000000e+00
2.962962962962962798e+00 3.325151731725969562e+00 1.052631578947368363e+00 2.066115702479339067e+00 3.750000000000000000e+00
2.500000000000000000e+00 4.515230586614328523e+00 1.315789473684210398e+00 2.065217391304347672e+00 4.250000000000000000e+00
4.107142857142856762e+00 4.410878450350667279e+00 1.341463414634146423e+00 2.809523809523809312e+00 4.500000000000000000e+00
3.750000000000000000e+00 4.440067536780277990e+00 1.285714285714285587e+00 2.095959595959596022e+00 4.000000000000000000e+00
3.846153846153846256e+00 4.530622367455376498e+00 2.580645161290322509e+00 3.402366863905325722e+00 3.250000000000000000e+00
1.562500000000000000e+00 2.789889504400286935e+00 3.846153846153846367e-01 1.170212765957446832e+00 7.500000000000000000e-01
2.272727272727272929e+00 2.897265516306725797e+00 0.000000000000000000e+00 1.625000000000000000e+00 2.750000000000000000e+00
2.571428571428571619e+00 3.711812584609686105e+00 7.407407407407406996e-01 1.566666666666666874e+00 4.000000000000000000e+00
4.062500000000000000e+00 4.546170869469631448e+00 2.368421052631578760e+00 3.267326732673267564e+00 3.399999999999999911e+00
2.173913043478260754e+00 3.151731562379342488e+00 2.777777777777777901e-01 1.213592233009708643e+00 2.200000000000000178e+00
2.500000000000000000e+00 3.167223240332587508e+00 5.555555555555555802e-01 2.321428571428571619e+00 3.399999999999999911e+00
3.714285714285714413e+00 3.929930305767308063e+00 1.458333333333333481e+00 2.266187050359712352e+00 3.399999999999999911e+00
2.500000000000000000e+00 3.136559934444819397e+00 2.173913043478260809e-01 1.433823529411764497e+00 2.600000000000000089e+00
3.043478260869565410e+00 3.502010037765110440e+00 1.333333333333333259e+00 2.359550561797752799e+00 3.399999999999999911e+00
2.894736842105263275e+00 3.759233910336046147e+00 1.538461538461538547e+00 2.222222222222222321e+00 3.600000000000000089e+00
3.913043478260869623e+00 4.599280335762830241e+00 1.785714285714285809e+00 2.441860465116278966e+00 3.250000000000000000e+00
4.545454545454545858e+00 4.881980203937227536e+00 3.000000000000000000e+00 3.766666666666666607e+00 5.000000000000000000e+00
4.523809523809523725e+00 4.783616852962587984e+00 2.600000000000000089e+00 3.925619834710744271e+00 4.250000000000000000e+00
2.631578947368421240e+00 3.336857461213616816e+00 8.620689655172414367e-01 2.051282051282051100e+00 3.399999999999999911e+00
4.000000000000000000e+00 4.460603577714904233e+00 1.500000000000000000e+00 3.285714285714285587e+00 4.250000000000000000e+00
3.333333333333333481e+00 3.701383586897085021e+00 1.666666666666666519e+00 1.976744186046511587e+00 3.250000000000000000e+00
3.333333333333333481e+00 4.079359137091087106e+00 5.172413793103448620e-01 2.307692307692307931e+00 4.250000000000000000e+00
3.333333333333333481e+00 3.952232373061697057e+00 1.904761904761904656e+00 2.566666666666666430e+00 3.750000000000000000e+00
3.023255813953488413e+00 3.552411217800175436e+00 1.500000000000000000e+00 2.156862745098039547e+00 3.666999999999999815e+00
3.448275862068965303e+00 4.217706921172119650e+00 1.578947368421052655e+00 2.227272727272727071e+00 4.333000000000000185e+00
3.584905660377358583e+00 4.343080788227812405e+00 2.000000000000000000e+00 3.059701492537313605e+00 3.908999999999999808e+00
4.000000000000000000e+00 4.435914304929477581e+00 2.931034482758620552e+00 3.304597701149425415e+00 3.932999999999999829e+00
1.923076923076923128e+00 3.636783801290426332e+00 3.333333333333333148e-01 1.278026905829596549e+00 3.750000000000000000e+00
2.399999999999999911e+00 3.968519647026451658e+00 8.333333333333332593e-01 1.360000000000000098e+00 3.750000000000000000e+00
3.555555555555555358e+00 4.348550978787967480e+00 2.068965517241379448e+00 3.260869565217391575e+00 4.250000000000000000e+00
3.000000000000000000e+00 4.405455591075131849e+00 7.142857142857141906e-01 2.884615384615384137e+00 4.250000000000000000e+00
3.448275862068965303e+00 3.661075836568117303e+00 1.250000000000000000e+00 2.250000000000000000e+00 3.500000000000000000e+00
4.893617021276595480e+00 4.939644897184766847e+00 2.321428571428571619e+00 3.829787234042552946e+00 4.750000000000000000e+00
3.061224489795918213e+00 4.053857473674430167e+00 1.818181818181818343e+00 2.125000000000000000e+00 3.250000000000000000e+00
2.692307692307692513e+00 3.396746608802288847e+00 7.894736842105263275e-01 1.679104477611940371e+00 2.750000000000000000e+00
4.137931034482758896e+00 4.083350836928557825e+00 1.578947368421052655e+00 2.404580152671755844e+00 3.000000000000000000e+00
3.636363636363636243e+00 3.682287278357510907e+00 1.041666666666666741e+00 1.860465116279069742e+00 3.799999999999999822e+00
2.758620689655172598e+00 3.387609033052508156e+00 1.578947368421052655e+00 1.666666666666666519e+00 3.399999999999999911e+00
3.636363636363636243e+00 3.825145542604213578e+00 1.590909090909090828e+00 2.777777777777777679e+00 3.857000000000000206e+00
2.380952380952380931e+00 3.345129155858226344e+00 3.125000000000000000e-01 1.700000000000000178e+00 4.000000000000000000e+00
2.812500000000000000e+00 3.765179395687402675e+00 3.846153846153846367e-01 1.569343065693430628e+00 3.399999999999999911e+00
2.682926829268292845e+00 3.644335438940372818e+00 7.812500000000000000e-01 1.475903614457831470e+00 3.200000000000000178e+00
3.617021276595744794e+00 3.607953831070562778e+00 1.323529411764705843e+00 2.307692307692307931e+00 3.000000000000000000e+00
3.260869565217391131e+00 4.235714618322139913e+00 8.333333333333332593e-01 2.709497206703910699e+00 3.200000000000000178e+00
4.411764705882353255e+00 4.647597331150348232e+00 2.142857142857142794e+00 3.647540983606557319e+00 3.600000000000000089e+00
1.794871794871794934e+00 2.945282746967091470e+00 3.225806451612903136e-01 1.156250000000000000e+00 1.600000000000000089e+00
2.340425531914893664e+00 3.459002615027357841e+00 6.578947368421051989e-01 1.550925925925925819e+00 3.799999999999999822e+00
2.413793103448275801e+00 3.664507868955469316e+00 6.818181818181817677e-01 1.785714285714285809e+00 2.600000000000000089e+00
2.352941176470588314e+00 3.814312425884182289e+00 5.555555555555555802e-01 2.052980132450330952e+00 1.600000000000000089e+00
2.708333333333333481e+00 3.990176131931157943e+00 6.410256410256409687e-01 1.704545454545454364e+00 2.000000000000000000e+00
3.902439024390243816e+00 4.208786519600070442e+00 3.181818181818181657e+00 3.240000000000000213e+00 3.600000000000000089e+00
3.947368421052631415e+00 4.187674159946111807e+00 2.173913043478260754e+00 2.653846153846153744e+00 4.500000000000000000e+00
3.684210526315789380e+00 3.532635240989037140e+00 2.391304347826086918e+00 2.741935483870967527e+00 4.000000000000000000e+00
2.941176470588235503e+00 2.453757568376102149e+00 1.250000000000000000e+00 2.028985507246376940e+00 3.000000000000000000e+00
2.142857142857142794e+00 3.328805651855383019e+00 1.000000000000000000e+00 1.759999999999999787e+00 2.500000000000000000e+00
3.125000000000000000e+00 4.238834012866078638e+00 8.333333333333332593e-01 1.747967479674796820e+00 3.500000000000000000e+00
2.272727272727272929e+00 2.924814190718416196e+00 6.250000000000000000e-01 1.600000000000000089e+00 3.000000000000000000e+00
2.750000000000000000e+00 3.964420204007037540e+00 8.064516129032257563e-01 1.987951807228915735e+00 3.769000000000000128e+00
4.000000000000000000e+00 4.643750543347851867e+00 2.068965517241379448e+00 3.691275167785235123e+00 3.399999999999999911e+00
2.142857142857142794e+00 3.571023425686910002e+00 1.000000000000000000e+00 1.640000000000000124e+00 1.800000000000000044e+00
3.181818181818181657e+00 2.763479731199712575e+00 1.000000000000000000e+00 1.818181818181818343e+00 3.000000000000000000e+00
2.777777777777777679e+00 3.667424252149221964e+00 7.142857142857141906e-01 1.595744680851063801e+00 3.000000000000000000e+00
2.500000000000000000e+00 3.840963578444667181e+00 1.086956521739130377e+00 1.621621621621621712e+00 3.399999999999999911e+00
2.580645161290322509e+00 3.188084712482170069e+00 4.000000000000000222e-01 1.680672268907563272e+00 4.250000000000000000e+00
3.414634146341463339e+00 4.058690781124640878e+00 2.115384615384615419e+00 2.941176470588235503e+00 3.250000000000000000e+00
2.500000000000000000e+00 4.251094908779148085e+00 2.096774193548387011e+00 3.079470198675497095e+00 4.000000000000000000e+00
2.631578947368421240e+00 3.283934106420647314e+00 3.571428571428570953e-01 1.739130434782608647e+00 4.000000000000000000e+00
3.636363636363636243e+00 3.874115536153224237e+00 1.041666666666666741e+00 1.724137931034482873e+00 4.000000000000000000e+00
3.589743589743589869e+00 3.681927216155980176e+00 1.730769230769230838e+00 2.551020408163265252e+00 3.625000000000000000e+00
3.863636363636363757e+00 4.508534536284635408e+00 2.037037037037036757e+00 2.839506172839505904e+00 4.250000000000000000e+00
3.555555555555555358e+00 4.065148369173822829e+00 1.612903225806451513e+00 3.048780487804878092e+00 3.500000000000000000e+00
3.888888888888888840e+00 3.978544077309532412e+00 9.259259259259258190e-01 2.641509433962264008e+00 4.000000000000000000e+00
2.580645161290322509e+00 3.467282064130998709e+00 6.250000000000000000e-01 2.136752136752136710e+00 3.200000000000000178e+00
3.714285714285714413e+00 3.817530700986301984e+00 2.380952380952380931e+00 2.846715328467153139e+00 3.399999999999999911e+00
2.903225806451612989e+00 3.616579162310513684e+00 8.695652173913043237e-01 1.626984126984126977e+00 4.000000000000000000e+00
2.142857142857142794e+00 3.344577801919514481e+00 7.142857142857141906e-01 1.478873239436619746e+00 3.399999999999999911e+00
2.799999999999999822e+00 3.526065719794981845e+00 1.562500000000000000e+00 1.621621621621621712e+00 2.799999999999999822e+00
4.042553191489361986e+00 4.282283972615394951e+00 2.166666666666666963e+00 3.128834355828221003e+00 3.600000000000000089e+00
3.684210526315789380e+00 4.206245146828242909e+00 4.838709677419354982e-01 2.103448275862068950e+00 4.799999999999999822e+00
3.461538461538461675e+00 4.268285158812318514e+00 2.333333333333333481e+00 2.258064516129032029e+00 3.799999999999999822e+00
3.043478260869565410e+00 2.879437976493720797e+00 9.375000000000000000e-01 1.789473684210526327e+00 2.399999999999999911e+00
2.600000000000000089e+00 4.382370867772994671e+00 1.216216216216216228e+00 1.914285714285714146e+00 1.600000000000000089e+00
3.414634146341463339e+00 3.969251313272964765e+00 7.812500000000000000e-01 2.441860465116278966e+00 3.200000000000000178e+00
3.235294117647058876e+00 3.426606069020388112e+00 1.250000000000000000e+00 1.438848920863309289e+00 3.799999999999999822e+00
2.142857142857142794e+00 3.323127060828403145e+00 4.545454545454545858e-01 1.600000000000000089e+00 4.200000000000000178e+00
3.043478260869565410e+00 4.066636704599993379e+00 1.333333333333333259e+00 2.692307692307692069e+00 5.000000000000000000e+00
3.142857142857142794e+00 4.220099831571888060e+00 1.739130434782608647e+00 2.708333333333333037e+00 3.399999999999999911e+00
1.379310344827586299e+00 3.212171858419348158e+00 2.083333333333333148e-01 9.090909090909091717e-01 1.000000000000000000e+00
3.913043478260869623e+00 4.217126245815635777e+00 2.777777777777777679e+00 3.445945945945945610e+00 3.333000000000000185e+00
3.617021276595744794e+00 4.194722111699677569e+00 1.964285714285714191e+00 2.254901960784313708e+00 4.000000000000000000e+00
2.500000000000000000e+00 3.559494588689828820e+00 8.823529411764706731e-01 1.927710843373493965e+00 3.333000000000000185e+00
3.846153846153846256e+00 4.348950990311569953e+00 5.000000000000000000e-01 2.954545454545454586e+00 3.200000000000000178e+00
3.076923076923077094e+00 4.157053891243254640e+00 8.333333333333332593e-01 2.074829931972788977e+00 4.000000000000000000e+00
2.571428571428571619e+00 3.621624888612446913e+00 1.199999999999999956e+00 1.641791044776119479e+00 3.799999999999999822e+00
3.333333333333333481e+00 3.602143571852792547e+00 2.000000000000000000e+00 2.286821705426356655e+00 2.200000000000000178e+00
3.103448275862068950e+00 3.683544084023143039e+00 4.347826086956521618e-01 1.279069767441860517e+00 3.750000000000000000e+00
2.500000000000000000e+00 3.570188613678892953e+00 5.555555555555555802e-01 1.261682242990654013e+00 3.000000000000000000e+00
1.714285714285714191e+00 2.565214947615706453e+00 1.724137931034482873e-01 1.342281879194630934e+00 1.250000000000000000e+00
3.877551020408163129e+00 3.631605075387152937e+00 2.031250000000000000e+00 3.000000000000000000e+00 3.250000000000000000e+00
2.812500000000000000e+00 4.062563077518306365e+00 1.086956521739130377e+00 1.754966887417218624e+00 3.333000000000000185e+00
2.500000000000000000e+00 3.429088839688518853e+00 3.846153846153846367e-01 1.478260869565217517e+00 2.000000000000000000e+00
2.058823529411764497e+00 3.062608911712688453e+00 7.692307692307692735e-01 1.969696969696969724e+00 3.000000000000000000e+00
3.142857142857142794e+00 4.448795676465291393e+00 9.615384615384615641e-01 2.754491017964071808e+00 2.666999999999999815e+00
2.500000000000000000e+00 4.262437363197626894e+00 1.458333333333333481e+00 3.275862068965516904e+00 3.666999999999999815e+00
3.181818181818181657e+00 4.385726404934259470e+00 1.428571428571428381e+00 2.526881720430107503e+00 3.666999999999999815e+00
2.500000000000000000e+00 4.745148302424301967e+00 1.891891891891892108e+00 3.385093167701862971e+00 4.333000000000000185e+00
2.187500000000000000e+00 2.542217725003531825e+00 3.846153846153846367e-01 1.082802547770700619e+00 1.332999999999999963e+00
1.562500000000000000e+00 2.766015914270693266e+00 1.851851851851851749e-01 9.393939393939393367e-01 2.200000000000000178e+00
2.333333333333333481e+00 3.073437969242847956e+00 9.090909090909091717e-01 1.232394366197183011e+00 1.199999999999999956e+00
4.347826086956521507e+00 4.712116306337600591e+00 2.884615384615384137e+00 3.481481481481481399e+00 4.400000000000000355e+00
3.478260869565217295e+00 4.154524765389369989e+00 9.375000000000000000e-01 2.429906542056074592e+00 3.399999999999999911e+00
4.242424242424242209e+00 4.642436337485951192e+00 1.904761904761904656e+00 3.382352941176471006e+00 4.200000000000000178e+00
2.962962962962962798e+00 3.548786316158423215e+00 1.388888888888888840e+00 2.311827956989247035e+00 3.000000000000000000e+00
3.333333333333333481e+00 4.019285172399372108e+00 1.833333333333333259e+00 2.549668874172185795e+00 3.399999999999999911e+00
3.809523809523809312e+00 3.998913124650728790e+00 0.000000000000000000e+00 1.853932584269663009e+00 4.799999999999999822e+00
2.631578947368421240e+00 2.785033198093274542e+00 6.666666666666666297e-01 1.395348837209302362e+00 2.750000000000000000e+00
3.043478260869565410e+00 3.586185364001143405e+00 1.176470588235294157e+00 2.603550295857988139e+00 4.000000000000000000e+00
2.564102564102564319e+00 3.902572495796809982e+00 3.225806451612903136e-01 1.396103896103896069e+00 1.000000000000000000e+00
2.500000000000000000e+00 4.467765174058617283e+00 1.481481481481481399e+00 2.519379844961240345e+00 4.250000000000000000e+00
2.857142857142857206e+00 4.349371110023004583e+00 9.615384615384615641e-01 1.777777777777777901e+00 3.000000000000000000e+00
3.428571428571428381e+00 4.191547412459567745e+00 2.250000000000000000e+00 2.232142857142857206e+00 3.500000000000000000e+00
3.720930232558139483e+00 4.502952275496864054e+00 2.222222222222222321e+00 3.103448275862068950e+00 4.250000000000000000e+00
4.464285714285714413e+00 4.626501661352201644e+00 2.647058823529411686e+00 3.473684210526315930e+00 4.000000000000000000e+00
2.962962962962962798e+00 4.157495225917342552e+00 1.388888888888888840e+00 2.472527472527472625e+00 1.750000000000000000e+00
3.548387096774193505e+00 3.319835171318074707e+00 1.428571428571428381e+00 2.281553398058252746e+00 3.067000000000000171e+00
2.692307692307692513e+00 3.568677758594497540e+00 5.000000000000000000e-01 2.007874015748031482e+00 3.250000000000000000e+00
3.333333333333333481e+00 4.122743790306680367e+00 1.250000000000000000e+00 2.387387387387387427e+00 3.750000000000000000e+00
2.000000000000000000e+00 3.054707960767162334e+00 2.500000000000000000e-01 1.168224299065420579e+00 2.250000000000000000e+00
3.500000000000000000e+00 4.040667584981482818e+00 7.142857142857141906e-01 1.835443037974683556e+00 2.500000000000000000e+00
3.529411764705882248e+00 4.351155535997146551e+00 2.142857142857142794e+00 3.208333333333333481e+00 3.750000000000000000e+00
3.030303030303030276e+00 3.056586610227980838e+00 1.304347826086956541e+00 1.815068493150684859e+00 3.250000000000000000e+00
2.307692307692307487e+00 3.792836257239521558e+00 8.928571428571429047e-01 1.890243902439024293e+00 4.000000000000000000e+00
3.111111111111111160e+00 3.639572731414951967e+00 1.833333333333333259e+00 2.458100558659217949e+00 4.000000000000000000e+00
3.111111111111111160e+00 4.239782753849064889e+00 1.060606060606060552e+00 2.467948717948718063e+00 3.443999999999999950e+00
2.391304347826086918e+00 3.795146699395599121e+00 8.333333333333332593e-01 1.884816753926701560e+00 2.750000000000000000e+00
4.000000000000000000e+00 4.621903240039515026e+00 2.500000000000000000e+00 3.622047244094488416e+00 4.599999999999999645e+00
2.692307692307692513e+00 3.080625668254767469e+00 5.000000000000000000e-01 1.605504587155963447e+00 2.799999999999999822e+00
3.720930232558139483e+00 4.629592362054707699e+00 2.399999999999999911e+00 3.489208633093525247e+00 4.799999999999999822e+00
1.290322580645161255e+00 2.914357288488660380e+00 0.000000000000000000e+00 1.130136986301369717e+00 5.999999999999999778e-01
3.636363636363636243e+00 3.812781704820475515e+00 2.500000000000000000e+00 2.643678160919540332e+00 2.750000000000000000e+00
2.692307692307692513e+00 3.395425489318604217e+00 1.666666666666666519e+00 2.471910112359550382e+00 2.750000000000000000e+00
4.000000000000000000e+00 4.141560395498254721e+00 1.250000000000000000e+00 2.414965986394557618e+00 3.250000000000000000e+00
2.592592592592592560e+00 3.777449426261119125e+00 1.388888888888888840e+00 2.187500000000000000e+00 3.250000000000000000e+00
3.958333333333333481e+00 3.985538446894612896e+00 1.724137931034482873e+00 2.937500000000000000e+00 2.500000000000000000e+00
3.666666666666666519e+00 3.799092609753484062e+00 2.222222222222222321e+00 2.727272727272727071e+00 2.250000000000000000e+00
2.812500000000000000e+00 3.223681640981462149e+00 5.999999999999999778e-01 1.549295774647887258e+00 1.500000000000000000e+00
3.333333333333333481e+00 3.821112266457027840e+00 3.125000000000000000e-01 1.745283018867924474e+00 3.000000000000000000e+00
2.500000000000000000e+00 3.936182248091026903e+00 8.064516129032257563e-01 1.566265060240963791e+00 3.799999999999999822e+00
2.758620689655172598e+00 3.677634422388234903e+00 2.083333333333333148e-01 1.586538461538461453e+00 4.307999999999999829e+00
4.000000000000000000e+00 4.146198132626274457e+00 2.826086956521738802e+00 2.943548387096774466e+00 3.399999999999999911e+00
2.692307692307692513e+00 3.565896342179196488e+00 4.545454545454545858e-01 1.850961538461538547e+00 3.200000000000000178e+00
4.130434782608695343e+00 4.565281264210446999e+00 2.241379310344827402e+00 3.375000000000000000e+00 3.500000000000000000e+00
4.193548387096774022e+00 4.176989872095227874e+00 2.500000000000000000e+00 2.459677419354838968e+00 3.750000000000000000e+00
3.030303030303030276e+00 4.124003592588109335e+00 1.136363636363636243e+00 2.016129032258064502e+00 1.750000000000000000e+00
3.125000000000000000e+00 4.140526006992081065e+00 1.500000000000000000e+00 2.072072072072072224e+00 1.250000000000000000e+00
4.324324324324324564e+00 4.648354672330613724e+00 2.857142857142856762e+00 3.770491803278688270e+00 3.399999999999999911e+00
1.851851851851851860e+00 2.178268488842483031e+00 4.761904761904761640e-01 1.315789473684210398e+00 1.199999999999999956e+00
3.243243243243243423e+00 4.159416271717873315e+00 8.928571428571429047e-01 2.058823529411764497e+00 3.799999999999999822e+00
2.500000000000000000e+00 4.142851406112838752e+00 1.000000000000000000e+00 2.090909090909090828e+00 3.200000000000000178e+00
1.538461538461538547e+00 3.236224721414516114e+00 5.000000000000000000e-01 1.328125000000000000e+00 3.500000000000000000e+00
2.631578947368421240e+00 3.783693195344488114e+00 3.571428571428570953e-01 1.744186046511627897e+00 4.750000000000000000e+00
2.500000000000000000e+00 3.708793213805043898e+00 1.612903225806451513e+00 2.555555555555555358e+00 3.500000000000000000e+00
2.647058823529411686e+00 4.099482009796421522e+00 5.555555555555555802e-01 1.620689655172413701e+00 2.000000000000000000e+00
2.399999999999999911e+00 3.058641193290951410e+00 5.263157894736841813e-01 1.554621848739495826e+00 2.799999999999999822e+00
2.666666666666666519e+00 3.598074921399195603e+00 9.090909090909091717e-01 1.604477611940298365e+00 1.399999999999999911e+00
1.923076923076923128e+00 3.099810422015899292e+00 5.000000000000000000e-01 1.500000000000000000e+00 2.000000000000000000e+00
3.250000000000000000e+00 4.298448285402098001e+00 8.333333333333332593e-01 2.500000000000000000e+00 4.799999999999999822e+00
3.777777777777777679e+00 4.548425689984729736e+00 1.833333333333333259e+00 3.308270676691729140e+00 3.799999999999999822e+00
3.529411764705882248e+00 4.019878483659376833e+00 1.521739130434782705e+00 2.314049586776859790e+00 4.599999999999999645e+00
3.076923076923077094e+00 3.846952402546279792e+00 8.333333333333332593e-01 1.870229007633587903e+00 1.399999999999999911e+00
3.461538461538461675e+00 4.257732203724653886e+00 2.272727272727272485e+00 2.643312101910828105e+00 3.600000000000000089e+00
3.157894736842105310e+00 3.757354866825053374e+00 1.799999999999999822e+00 2.051282051282051100e+00 3.000000000000000000e+00
1.363636363636363535e+00 3.013010945057438050e+00 2.941176470588235392e-01 7.522123893805310324e-01 1.600000000000000089e+00
3.409090909090909172e+00 3.897074362706511863e+00 1.896551724137931050e+00 2.808219178082191902e+00 4.000000000000000000e+00
3.214285714285714413e+00 3.969821252586985594e+00 7.142857142857141906e-01 2.355769230769230838e+00 2.399999999999999911e+00
3.913043478260869623e+00 4.662478185427930022e+00 2.500000000000000000e+00 2.981366459627329490e+00 3.500000000000000000e+00
1.935483870967741993e+00 3.098146072094908554e+00 4.000000000000000222e-01 9.748427672955974899e-01 7.500000000000000000e-01
2.500000000000000000e+00 4.802795970135139925e+00 7.894736842105263275e-01 2.951807228915662940e+00 5.000000000000000000e+00
3.181818181818181657e+00 4.473719097255802524e+00 1.250000000000000000e+00 2.737430167597765251e+00 5.000000000000000000e+00
3.589743589743589869e+00 4.319708065141018238e+00 2.608695652173913082e+00 3.076923076923077094e+00 4.000000000000000000e+00
3.157894736842105310e+00 4.122943154034800273e+00 1.111111111111111160e+00 2.482014388489208745e+00 3.000000000000000000e+00
2.352941176470588314e+00 3.174126876800187347e+00 9.090909090909091717e-01 1.811594202898550776e+00 1.332999999999999963e+00
3.799999999999999822e+00 4.127407382316495621e+00 2.187500000000000000e+00 3.018867924528301661e+00 3.666999999999999815e+00
2.962962962962962798e+00 4.046455400598931718e+00 1.111111111111111160e+00 2.264150943396226356e+00 3.091000000000000192e+00
3.269230769230769162e+00 4.040509008709609162e+00 1.000000000000000000e+00 2.479508196721311286e+00 3.799999999999999822e+00
4.090909090909090828e+00 3.818852484045215157e+00 1.428571428571428381e+00 2.526881720430107503e+00 4.400000000000000355e+00
4.186046511627907307e+00 4.528032746210809201e+00 2.500000000000000000e+00 3.479729729729729826e+00 4.799999999999999822e+00
2.200000000000000178e+00 3.703100486343546827e+00 4.761904761904761640e-01 1.694560669456066870e+00 3.000000000000000000e+00
3.404255319148936199e+00 4.105292755154893669e+00 1.935483870967741993e+00 2.425742574257425677e+00 2.666999999999999815e+00
4.117647058823528994e+00 4.469799666788705217e+00 2.631578947368420796e+00 3.510638297872340274e+00 4.000000000000000000e+00
3.214285714285714413e+00 3.774468447471821531e+00 7.142857142857141906e-01 2.327586206896551602e+00 3.000000000000000000e+00
3.225806451612903025e+00 2.732264608742129841e+00 1.428571428571428381e+00 1.928571428571428603e+00 4.000000000000000000e+00
4.347826086956521507e+00 4.855071645953919379e+00 2.241379310344827402e+00 3.974358974358974006e+00 5.000000000000000000e+00
2.619047619047619069e+00 3.586442238320770581e+00 5.882352941176470784e-01 1.951871657754010725e+00 3.399999999999999911e+00
2.000000000000000000e+00 3.119842734689850516e+00 6.521739130434782705e-01 1.582733812949640217e+00 3.399999999999999911e+00
4.000000000000000000e+00 4.005754935491077084e+00 1.923076923076923128e+00 2.323529411764706065e+00 3.857000000000000206e+00
2.857142857142857206e+00 3.316131556867230046e+00 0.000000000000000000e+00 1.782178217821781985e+00 2.750000000000000000e+00
3.728813559322033733e+00 4.302250851119072017e+00 2.222222222222222321e+00 3.090909090909090828e+00 4.000000000000000000e+00
3.000000000000000000e+00 4.527682175527846020e+00 1.190476190476190466e+00 1.724137931034482873e+00 1.500000000000000000e+00
3.333333333333333481e+00 4.357433690284580052e+00 1.041666666666666741e+00 2.136363636363636243e+00 3.750000000000000000e+00
2.826086956521739246e+00 3.878744854075255599e+00 1.212121212121212155e+00 1.736111111111111160e+00 2.750000000000000000e+00
4.047619047619047450e+00 4.447259832570030547e+00 1.785714285714285809e+00 3.142857142857142794e+00 4.000000000000000000e+00
1.481481481481481399e+00 3.273968460276586612e+00 2.272727272727272929e-01 1.208333333333333259e+00 1.500000000000000000e+00
1.562500000000000000e+00 3.062014617730790533e+00 5.999999999999999778e-01 1.000000000000000000e+00 1.800000000000000044e+00
3.404255319148936199e+00 4.314622251399562458e+00 1.935483870967741993e+00 2.567567567567567544e+00 4.000000000000000000e+00
2.162162162162162282e+00 3.161386429337592396e+00 8.928571428571429047e-01 1.729559748427672794e+00 3.000000000000000000e+00
3.658536585365853799e+00 4.522899656472288754e+00 1.379310344827586299e+00 2.857142857142856762e+00 3.600000000000000089e+00
3.600000000000000089e+00 4.178745038166918668e+00 1.176470588235294157e+00 2.528089887640449618e+00 3.399999999999999911e+00
2.962962962962962798e+00 4.228419355122092327e+00 1.052631578947368363e+00 1.847826086956521507e+00 3.000000000000000000e+00
3.125000000000000000e+00 3.605488985048153516e+00 1.086956521739130377e+00 2.080291970802919721e+00 2.600000000000000089e+00
2.413793103448275801e+00 3.316252251033981580e+00 6.818181818181817677e-01 1.287878787878787845e+00 3.200000000000000178e+00
3.000000000000000000e+00 4.288537043000477667e+00 3.333333333333333148e-01 2.631578947368420796e+00 3.500000000000000000e+00
3.571428571428571619e+00 3.730723626964793649e+00 7.142857142857141906e-01 2.047244094488188892e+00 3.250000000000000000e+00
3.200000000000000178e+00 4.187699608375950788e+00 5.263157894736841813e-01 1.355932203389830448e+00 3.750000000000000000e+00
3.333333333333333481e+00 4.324940033328916300e+00 1.551724137931034475e+00 2.313432835820895761e+00 3.250000000000000000e+00
