1.875000000000000000e+00 3.985924646308801833e+00 0.000000000000000000e+00 1.825396825396825351e+00
3.846153846153846256e+00 3.869664604039998679e+00 1.875000000000000000e+00 2.687500000000000000e+00
4.090909090909090828e+00 4.575386195363172703e+00 1.000000000000000000e+00 2.500000000000000000e+00
3.684210526315789380e+00 3.231626171360253874e+00 2.500000000000000000e+00 1.692307692307692513e+00
3.750000000000000000e+00 3.732660513952467340e+00 3.571428571428571619e+00 2.547169811320754818e+00
2.380952380952380931e+00 4.422322546541456845e+00 0.000000000000000000e+00 2.732558139534883690e+00
3.684210526315789380e+00 4.189770366448502870e+00 1.250000000000000000e+00 2.619047619047619069e+00
3.333333333333333481e+00 4.134846736758197139e+00 8.333333333333332593e-01 2.121212121212121104e+00
4.166666666666666963e+00 3.308005422988777866e+00 0.000000000000000000e+00 1.756756756756756799e+00
3.125000000000000000e+00 2.975363159169558180e+00 2.500000000000000000e+00 3.214285714285714413e+00
3.750000000000000000e+00 3.607432914826082637e+00 2.142857142857142794e+00 2.527472527472527375e+00
4.090909090909090828e+00 4.101304033614513678e+00 1.428571428571428381e+00 2.205882352941176627e+00
3.500000000000000000e+00 3.771205589772126388e+00 1.153846153846153966e+00 2.656250000000000000e+00
4.705882352941176627e+00 4.550237885184619913e+00 3.125000000000000000e+00 4.189189189189189477e+00
2.608695652173913082e+00 3.627490865603112624e+00 9.375000000000000000e-01 1.646341463414634276e+00
3.888888888888888840e+00 4.226137013518187047e+00 1.363636363636363535e+00 2.142857142857142794e+00
1.428571428571428603e+00 3.458852668631188898e+00 3.125000000000000000e-01 1.736111111111111160e+00
4.285714285714285587e+00 4.486054448799656313e+00 5.555555555555555802e-01 2.619047619047619069e+00
4.615384615384614975e+00 4.851916118131713418e+00 4.090909090909090828e+00 4.538461538461538325e+00
4.285714285714285587e+00 4.303250081909208546e+00 3.333333333333333037e+00 3.428571428571428825e+00
2.500000000000000000e+00 3.150629916431416433e+00 8.823529411764706731e-01 1.515151515151515138e+00
3.214285714285714413e+00 4.544216286149381112e+00 7.142857142857141906e-01 2.012195121951219523e+00
3.157894736842105310e+00 3.278512974845815275e+00 1.818181818181818343e+00 1.933333333333333348e+00
3.571428571428571619e+00 3.837805370124824922e+00 5.555555555555555802e-01 1.702127659574468099e+00
4.000000000000000000e+00 4.096490987472977352e+00 2.272727272727272485e+00 2.769230769230769162e+00
2.352941176470588314e+00 3.589247971966051054e+00 9.090909090909091717e-01 1.884057971014492683e+00
2.413793103448275801e+00 3.367600296576638730e+00 9.523809523809523281e-01 1.100000000000000089e+00
2.083333333333333481e+00 3.086223398159662068e+00 5.555555555555555802e-01 1.222222222222222099e+00
2.500000000000000000e+00 2.548781357178008022e+00 1.000000000000000000e+00 1.140350877192982448e+00
3.076923076923077094e+00 3.201156223718699234e+00 6.250000000000000000e-01 1.851851851851851638e+00
2.258064516129032473e+00 2.788917572849685111e+00 8.695652173913043237e-01 1.341463414634146423e+00
1.666666666666666741e+00 3.950766888264459986e+00 6.521739130434782705e-01 1.444444444444444198e+00
3.043478260869565410e+00 3.988709479881574538e+00 1.785714285714285809e+00 2.619047619047619069e+00
3.913043478260869623e+00 3.911642961632794790e+00 1.785714285714285809e+00 2.426470588235293935e+00
2.916666666666666519e+00 3.780140653756967062e+00 1.666666666666666519e+00 2.222222222222222321e+00
3.333333333333333481e+00 2.365002973882908144e+00 2.777777777777777679e+00 2.000000000000000000e+00
3.529411764705882248e+00 3.149367215724960367e+00 3.125000000000000000e+00 1.949152542372881491e+00
3.888888888888888840e+00 3.829225514608664671e+00 3.750000000000000000e+00 2.413793103448275801e+00
4.117647058823528994e+00 4.086722277033947748e+00 4.285714285714285587e+00 2.978723404255319007e+00
3.157894736842105310e+00 1.608213192731673180e+00 2.500000000000000000e+00 1.774193548387096975e+00
3.888888888888888840e+00 4.044948985315553358e+00 3.846153846153846367e-01 2.377049180327868605e+00
2.962962962962962798e+00 2.857202521962675767e+00 1.388888888888888840e+00 1.761363636363636465e+00
3.750000000000000000e+00 3.386459259449797088e+00 3.571428571428571619e+00 2.708333333333333037e+00
4.000000000000000000e+00 2.661953197643251556e+00 4.166666666666666963e+00 2.872340425531914931e+00
3.809523809523809312e+00 3.404832193606836643e+00 6.666666666666666297e-01 1.428571428571428381e+00
2.142857142857142794e+00 3.924448947331247162e+00 5.555555555555555802e-01 1.250000000000000000e+00
1.851851851851851860e+00 3.235989627182642714e+00 1.052631578947368363e+00 1.718750000000000000e+00
2.941176470588235503e+00 2.942915492641282604e+00 1.500000000000000000e+00 1.408450704225352235e+00
3.500000000000000000e+00 3.752046178907963103e+00 7.142857142857141906e-01 1.805555555555555580e+00
2.666666666666666519e+00 3.427435054528401359e+00 1.111111111111111160e+00 2.045454545454545414e+00
3.846153846153846256e+00 4.188471126959163904e+00 2.500000000000000000e+00 2.375000000000000000e+00
2.692307692307692513e+00 3.879191975360858802e+00 2.380952380952380820e-01 1.315789473684210398e+00
1.851851851851851860e+00 3.173521882320180509e+00 4.761904761904761640e-01 1.626506024096385561e+00
1.923076923076923128e+00 4.036541330513007786e+00 5.000000000000000000e-01 1.505376344086021501e+00
3.888888888888888840e+00 4.139315756889092590e+00 1.363636363636363535e+00 2.419354838709677491e+00
3.076923076923077094e+00 3.325142531447422556e+00 7.894736842105263275e-01 2.093023255813953654e+00
3.888888888888888840e+00 4.047572551673780161e+00 1.363636363636363535e+00 2.457627118644067910e+00
3.103448275862068950e+00 3.735533799510689867e+00 1.250000000000000000e+00 1.944444444444444420e+00
2.941176470588235503e+00 3.269444894295122417e+00 2.222222222222222321e+00 2.162162162162162282e+00
1.379310344827586299e+00 2.720728733730688909e+00 2.083333333333333148e-01 1.219512195121951192e+00
1.785714285714285809e+00 2.332762106353999165e+00 4.545454545454545858e-01 1.223404255319148870e+00
3.571428571428571619e+00 3.595109952144210919e+00 2.142857142857142794e+00 2.820512820512820262e+00
3.125000000000000000e+00 3.977464874153695096e+00 1.666666666666666519e+00 2.407407407407407440e+00
3.157894736842105310e+00 2.286303905929629288e+00 2.500000000000000000e+00 1.885245901639344135e+00
2.500000000000000000e+00 3.173176099672518014e+00 5.555555555555555802e-01 1.585365853658536661e+00
3.333333333333333481e+00 3.247957515158975461e+00 2.000000000000000000e+00 2.118644067796609853e+00
4.000000000000000000e+00 3.627530322609394453e+00 1.875000000000000000e+00 2.500000000000000000e+00
4.000000000000000000e+00 3.530519702793705861e+00 4.166666666666666963e+00 2.976190476190476275e+00
2.941176470588235503e+00 4.410925496776106236e+00 9.090909090909091717e-01 2.615384615384615419e+00
1.000000000000000000e+00 4.155660711056492929e+00 0.000000000000000000e+00 2.424242424242424310e+00
2.941176470588235503e+00 3.877583919410315438e+00 4.166666666666666297e-01 1.984126984126983961e+00
3.684210526315789380e+00 3.290986673425698061e+00 3.333333333333333037e+00 2.333333333333333481e+00
4.500000000000000000e+00 4.263687603103837986e+00 1.153846153846153966e+00 2.187500000000000000e+00
3.125000000000000000e+00 3.572510992307743827e+00 1.666666666666666519e+00 1.583333333333333259e+00
3.000000000000000000e+00 3.509546107082314848e+00 9.090909090909091717e-01 1.504854368932038611e+00
4.285714285714285587e+00 3.743072840337550389e+00 1.538461538461538547e+00 2.460317460317460014e+00
4.500000000000000000e+00 4.371590539198684233e+00 7.142857142857141906e-01 2.565789473684210620e+00
3.636363636363636243e+00 3.779049292590709985e+00 1.904761904761904656e+00 2.650602409638554313e+00
3.333333333333333481e+00 3.968262800806797941e+00 1.111111111111111160e+00 1.694915254237288060e+00
2.000000000000000000e+00 3.924905408792691563e+00 7.142857142857141906e-01 2.083333333333333481e+00
3.636363636363636243e+00 4.192768954510896151e+00 2.941176470588235392e-01 1.937500000000000000e+00
2.777777777777777679e+00 3.415679791281201361e+00 8.333333333333332593e-01 2.063492063492063266e+00
3.846153846153846256e+00 4.072114320178355840e+00 1.875000000000000000e+00 2.532467532467532312e+00
3.333333333333333481e+00 3.969363164047927661e+00 2.777777777777777679e+00 1.875000000000000000e+00
3.750000000000000000e+00 3.912505589065492728e+00 1.666666666666666519e+00 2.500000000000000000e+00
3.529411764705882248e+00 3.180006084311251868e+00 3.125000000000000000e+00 1.964285714285714191e+00
2.592592592592592560e+00 3.535792463758417270e+00 1.764705882352941346e+00 1.928571428571428603e+00
3.125000000000000000e+00 2.709738415994525695e+00 2.500000000000000000e+00 1.929824561403508554e+00
2.631578947368421240e+00 3.662289544161568600e+00 3.571428571428570953e-01 1.646341463414634276e+00
3.125000000000000000e+00 2.700869757236996627e+00 2.500000000000000000e+00 3.181818181818181657e+00
2.222222222222222321e+00 2.872660874428940581e+00 3.846153846153846367e-01 1.578947368421052655e+00
9.090909090909090606e-01 2.454442062320747020e+00 0.000000000000000000e+00 1.456310679611650283e+00
3.125000000000000000e+00 2.939405286963459929e+00 2.500000000000000000e+00 2.540983606557376984e+00
2.307692307692307487e+00 4.257557993673592556e+00 5.000000000000000000e-01 1.581632653061224580e+00
4.736842105263157521e+00 4.604260513546655886e+00 2.500000000000000000e+00 2.909090909090909172e+00
3.125000000000000000e+00 4.274444865855324238e+00 1.000000000000000000e+00 2.500000000000000000e+00
3.529411764705882248e+00 3.202937823915726234e+00 3.125000000000000000e+00 1.774193548387096975e+00
2.000000000000000000e+00 2.607300980119604539e+00 0.000000000000000000e+00 1.206896551724137900e+00
2.399999999999999911e+00 2.985184642388089671e+00 8.333333333333332593e-01 1.553398058252426939e+00
3.684210526315789380e+00 4.190244777215987426e+00 2.500000000000000000e+00 2.575757575757575690e+00
3.333333333333333481e+00 3.361490270985496132e+00 1.111111111111111160e+00 2.021276595744680549e+00
3.529411764705882248e+00 3.309345182040700273e+00 2.222222222222222321e+00 1.885245901639344135e+00
3.157894736842105310e+00 3.013170020710040475e+00 1.818181818181818343e+00 2.058823529411764497e+00
2.083333333333333481e+00 2.464698315953740781e+00 5.555555555555555802e-01 1.686046511627906863e+00
3.125000000000000000e+00 3.438269658830668263e+00 2.500000000000000000e+00 1.578947368421052655e+00
4.210526315789473450e+00 4.380665601395596020e+00 3.333333333333333037e+00 3.362068965517241548e+00
3.571428571428571619e+00 3.532917990476081016e+00 3.333333333333333037e+00 2.075471698113207530e+00
3.636363636363636243e+00 3.821412461228772095e+00 6.250000000000000000e-01 1.691176470588235503e+00
3.043478260869565410e+00 4.147952659711672041e+00 2.307692307692307931e+00 1.984126984126983961e+00
3.333333333333333481e+00 2.703434753630642007e+00 1.666666666666666519e+00 1.470588235294117752e+00
3.076923076923077094e+00 3.217975967430761752e+00 2.500000000000000000e+00 1.562500000000000000e+00
3.888888888888888840e+00 3.882633116017244479e+00 2.000000000000000000e+00 2.500000000000000000e+00
4.166666666666666963e+00 3.161980136322450896e+00 1.666666666666666519e+00 2.833333333333333037e+00
2.941176470588235503e+00 3.376973299806670603e+00 9.090909090909091717e-01 1.716417910447761042e+00
3.333333333333333481e+00 2.285067425326011037e+00 2.777777777777777679e+00 1.864406779661016866e+00
1.333333333333333259e+00 3.250220821165069829e+00 5.000000000000000000e-01 1.052631578947368363e+00
2.777777777777777679e+00 2.341539356360746726e+00 1.363636363636363535e+00 1.890243902439024293e+00
2.413793103448275801e+00 3.932720645257333114e+00 4.347826086956521618e-01 1.523809523809523947e+00
3.809523809523809312e+00 4.238241848701215453e+00 1.538461538461538547e+00 2.761194029850746468e+00
3.000000000000000000e+00 3.700180910061297457e+00 7.142857142857141906e-01 1.594202898550724612e+00
3.750000000000000000e+00 4.443601322153385880e+00 1.666666666666666519e+00 2.596153846153846256e+00
2.941176470588235503e+00 3.242029499347709454e+00 2.222222222222222321e+00 2.962962962962962798e+00
3.125000000000000000e+00 4.383352294722540066e+00 4.545454545454545858e-01 2.708333333333333037e+00
2.916666666666666519e+00 4.289019227488949149e+00 5.555555555555555802e-01 2.564102564102563875e+00
1.612903225806451513e+00 3.894779096482793079e+00 1.923076923076923184e-01 1.428571428571428381e+00
3.157894736842105310e+00 2.712309609215105333e+00 2.500000000000000000e+00 1.982758620689655249e+00
3.529411764705882248e+00 3.423449447725797068e+00 3.125000000000000000e+00 2.547169811320754818e+00
3.703703703703703720e+00 4.312833337247971244e+00 2.187500000000000000e+00 2.933333333333333570e+00
2.777777777777777679e+00 1.926261139099374020e+00 2.000000000000000000e+00 2.424242424242424310e+00
4.615384615384614975e+00 4.507393146787880056e+00 1.428571428571428381e+00 3.333333333333333037e+00
3.529411764705882248e+00 4.396400383900446407e+00 1.500000000000000000e+00 2.547169811320754818e+00
3.076923076923077094e+00 3.877274067219294906e+00 1.875000000000000000e+00 3.109756097560975707e+00
3.157894736842105310e+00 2.680636633888580089e+00 7.692307692307692735e-01 1.428571428571428381e+00
4.545454545454545858e+00 4.338552122040336911e+00 2.000000000000000000e+00 4.032258064516129004e+00
2.352941176470588314e+00 3.708215108094117252e+00 4.166666666666666297e-01 1.381578947368421240e+00
2.500000000000000000e+00 4.305136929158282832e+00 1.153846153846153966e+00 2.416666666666666519e+00
1.818181818181818121e+00 3.778388047539182004e+00 0.000000000000000000e+00 1.666666666666666519e+00
2.666666666666666519e+00 3.068616193533339143e+00 1.875000000000000000e+00 1.799999999999999822e+00
1.875000000000000000e+00 3.337895311345622229e+00 8.333333333333332593e-01 1.165048543689320315e+00
4.000000000000000000e+00 3.247476924552913147e+00 4.166666666666666963e+00 2.765957446808510856e+00
4.166666666666666963e+00 3.224070036488269508e+00 0.000000000000000000e+00 1.341463414634146423e+00
2.500000000000000000e+00 1.639655826734805366e+00 7.142857142857141906e-01 7.594936708860760000e-01
4.000000000000000000e+00 4.078231733953089133e+00 1.153846153846153966e+00 2.769230769230769162e+00
2.173913043478260754e+00 2.337434196149620114e+00 0.000000000000000000e+00 2.031250000000000000e+00
2.666666666666666519e+00 3.144569581828597915e+00 1.875000000000000000e+00 1.491228070175438569e+00
3.571428571428571619e+00 2.229493842420518845e+00 1.250000000000000000e+00 2.021276595744680549e+00
3.125000000000000000e+00 3.352935287049874091e+00 2.500000000000000000e+00 2.500000000000000000e+00
3.750000000000000000e+00 2.528590101271460888e+00 3.571428571428571619e+00 2.857142857142856762e+00
2.857142857142857206e+00 3.719193385412966624e+00 6.666666666666666297e-01 1.712328767123287632e+00
3.600000000000000089e+00 4.005306745851683559e+00 2.000000000000000000e+00 2.272727272727272485e+00
3.888888888888888840e+00 4.218814994021764520e+00 2.777777777777777679e+00 2.448979591836734748e+00
2.727272727272727071e+00 4.548171037128366123e+00 6.250000000000000000e-01 2.530864197530864335e+00
2.727272727272727071e+00 3.592796971573848808e+00 2.941176470588235392e-01 1.730769230769230838e+00
4.285714285714285587e+00 4.536801211491299668e+00 2.142857142857142794e+00 2.978723404255319007e+00
3.529411764705882248e+00 4.254847003542789885e+00 1.500000000000000000e+00 2.380952380952380931e+00
2.333333333333333481e+00 3.267326398765458606e+00 6.521739130434782705e-01 1.228070175438596312e+00
3.888888888888888840e+00 4.546240185835451086e+00 2.000000000000000000e+00 2.448979591836734748e+00
4.000000000000000000e+00 3.858319484593362603e+00 1.153846153846153966e+00 1.857142857142857206e+00
2.608695652173913082e+00 2.352204028643826383e+00 1.333333333333333259e+00 1.978021978021977878e+00
2.500000000000000000e+00 4.424795054859250953e+00 1.153846153846153966e+00 2.500000000000000000e+00
4.285714285714285587e+00 3.241777444987764767e+00 5.000000000000000000e+00 3.648648648648648685e+00
1.250000000000000000e+00 3.839401083050467012e+00 0.000000000000000000e+00 1.393442622950819665e+00
2.631578947368421240e+00 3.548856220152434293e+00 7.692307692307692735e-01 1.184210526315789380e+00
1.851851851851851860e+00 3.554273483798215061e+00 2.272727272727272929e-01 1.111111111111111160e+00
2.142857142857142794e+00 3.529833552887296833e+00 5.555555555555555802e-01 1.585365853658536661e+00
3.157894736842105310e+00 3.999245042739071110e+00 1.250000000000000000e+00 1.830985915492957750e+00
2.500000000000000000e+00 3.525928940551822599e+00 4.545454545454545858e-01 1.166666666666666741e+00
2.857142857142857206e+00 2.528713944946736181e+00 2.142857142857142794e+00 1.271186440677966045e+00
1.250000000000000000e+00 3.631910123532944290e+00 0.000000000000000000e+00 1.532258064516129004e+00
2.083333333333333481e+00 3.682837661242092331e+00 0.000000000000000000e+00 1.479591836734693855e+00
3.076923076923077094e+00 3.150114816067643098e+00 2.380952380952380820e-01 1.028037383177569986e+00
2.631578947368421240e+00 3.847711733309762128e+00 7.692307692307692735e-01 1.370967741935483764e+00
2.777777777777777679e+00 2.523076179820492371e+00 1.363636363636363535e+00 1.301369863013698502e+00
2.857142857142857206e+00 3.602831899860400533e+00 1.666666666666666519e+00 1.651785714285714191e+00
2.962962962962962798e+00 2.820434267018605556e+00 1.388888888888888840e+00 1.538461538461538547e+00
3.181818181818181657e+00 2.888222063789427363e+00 1.000000000000000000e+00 1.318681318681318659e+00
3.809523809523809312e+00 3.505789945914983274e+00 2.727272727272727071e+00 2.619047619047619069e+00
3.333333333333333481e+00 4.025507973377534299e+00 1.111111111111111160e+00 1.595744680851063801e+00
2.000000000000000000e+00 2.769184247742577654e+00 1.111111111111111160e+00 1.176470588235294157e+00
3.333333333333333481e+00 4.043494315634918124e+00 2.857142857142856762e+00 2.567567567567567544e+00
3.043478260869565410e+00 4.131327173002965480e+00 2.307692307692307931e+00 1.838235294117647189e+00
3.500000000000000000e+00 4.104627843207257598e+00 2.272727272727272485e+00 2.214285714285714413e+00
2.666666666666666519e+00 2.999709701227716074e+00 1.111111111111111160e+00 1.018518518518518379e+00
2.666666666666666519e+00 3.686331423909041671e+00 4.545454545454545858e-01 1.017699115044247815e+00
4.117647058823528994e+00 4.145699902308624729e+00 1.500000000000000000e+00 2.254901960784313708e+00
2.857142857142857206e+00 2.758075711709937039e+00 1.250000000000000000e+00 1.395348837209302362e+00
3.333333333333333481e+00 3.816904261165508849e+00 1.538461538461538547e+00 1.987179487179487003e+00
2.500000000000000000e+00 3.503803080178395035e+00 1.666666666666666519e+00 1.518987341772152000e+00
3.076923076923077094e+00 3.624468468545447575e+00 7.894736842105263275e-01 1.483516483516483575e+00
3.888888888888888840e+00 3.676603738907251451e+00 3.750000000000000000e+00 2.641509433962264008e+00
4.545454545454545858e+00 4.566189253794973979e+00 2.000000000000000000e+00 3.472222222222222321e+00
3.529411764705882248e+00 4.134109726479113789e+00 1.500000000000000000e+00 2.317073170731707599e+00
3.600000000000000089e+00 3.577582937030394650e+00 1.176470588235294157e+00 1.683673469387755084e+00
2.222222222222222321e+00 3.305763273117904966e+00 8.333333333333332593e-01 1.492537313432835688e+00
4.000000000000000000e+00 3.778677020138144549e+00 3.888888888888888840e+00 3.035714285714285587e+00
2.000000000000000000e+00 4.056086568959064387e+00 4.166666666666666297e-01 1.456310679611650283e+00
2.380952380952380931e+00 3.380281558338753545e+00 1.538461538461538547e+00 1.590909090909090828e+00
3.125000000000000000e+00 2.289350775457840825e+00 2.500000000000000000e+00 2.868852459016393297e+00
2.500000000000000000e+00 3.216329024853192387e+00 0.000000000000000000e+00 1.694915254237288060e+00
2.307692307692307487e+00 4.051023027570137991e+00 2.380952380952380820e-01 1.595744680851063801e+00
2.631578947368421240e+00 2.337670996240666543e+00 1.818181818181818343e+00 2.318840579710145011e+00
2.272727272727272929e+00 2.939775897567299623e+00 1.428571428571428381e+00 1.518987341772152000e+00
3.684210526315789380e+00 3.657139007189132762e+00 1.250000000000000000e+00 1.458333333333333481e+00
2.352941176470588314e+00 3.352704914350513654e+00 4.166666666666666297e-01 1.744186046511627897e+00
3.333333333333333481e+00 4.556828176426103383e+00 6.666666666666666297e-01 2.187500000000000000e+00
2.777777777777777679e+00 3.446427673321416751e+00 8.333333333333332593e-01 1.617647058823529438e+00
4.705882352941176627e+00 4.674652226822955114e+00 3.125000000000000000e+00 3.953488372093023173e+00
2.352941176470588314e+00 2.828385720231774147e+00 9.090909090909091717e-01 1.465517241379310276e+00
4.285714285714285587e+00 4.069124810186547592e+00 1.250000000000000000e+00 2.619047619047619069e+00
