3.333333333333333481e+00 4.474039865798013160e+00 8.333333333333332593e-01 2.214611872146118543e+00 4.200000000000000178e+00
2.448979591836734748e+00 3.515754436957617912e+00 9.210526315789473450e-01 2.086092715231788297e+00 4.250000000000000000e+00
4.390243902439024737e+00 4.490584235287564674e+00 1.851851851851851638e+00 2.677419354838709964e+00 4.799999999999999822e+00
3.939393939393939448e+00 4.764778377084605054e+00 8.000000000000000444e-01 3.658536585365853355e+00 4.799999999999999822e+00
2.933333333333333126e+00 4.090598034774250991e+00 7.258064516129032473e-01 1.822916666666666519e+00 4.000000000000000000e+00
3.750000000000000000e+00 4.645379318661931656e+00 5.999999999999999778e-01 3.203125000000000000e+00 4.799999999999999822e+00
3.333333333333333481e+00 4.214326737200885020e+00 9.615384615384615641e-01 2.036199095022624306e+00 3.750000000000000000e+00
3.055555555555555358e+00 3.747533602307847822e+00 3.333333333333333148e-01 1.333333333333333259e+00 4.799999999999999822e+00
3.174603174603174427e+00 4.299668831775228739e+00 1.195652173913043459e+00 2.500000000000000000e+00 4.000000000000000000e+00
2.500000000000000000e+00 4.686942630765149609e+00 1.600000000000000089e+00 3.477443609022556448e+00 4.799999999999999822e+00
3.333333333333333481e+00 4.283380644635370160e+00 5.172413793103448620e-01 2.338709677419354538e+00 4.799999999999999822e+00
2.399999999999999911e+00 3.879291210394923528e+00 3.488372093023255904e-01 1.564102564102564097e+00 4.200000000000000178e+00
4.545454545454545858e+00 4.815922824243355826e+00 3.750000000000000000e+00 4.285714285714285587e+00 4.500000000000000000e+00
4.150943396226415061e+00 4.806194117145262013e+00 2.205882352941176627e+00 3.787878787878788067e+00 4.000000000000000000e+00
3.793103448275862100e+00 4.391338990377867901e+00 9.523809523809523281e-01 2.410714285714285587e+00 4.000000000000000000e+00
3.577235772357723498e+00 4.373932323969893510e+00 9.499999999999999556e-01 2.179176755447941982e+00 4.000000000000000000e+00
2.857142857142857206e+00 3.610631912340693361e+00 5.000000000000000000e-01 1.235955056179775191e+00 3.799999999999999822e+00
4.347826086956521507e+00 4.400984315676640612e+00 2.000000000000000000e+00 2.876712328767123239e+00 5.000000000000000000e+00
3.195876288659794007e+00 4.295931027598068219e+00 7.142857142857141906e-01 1.808510638297872397e+00 4.799999999999999822e+00
2.115384615384615419e+00 3.847681252880118308e+00 9.210526315789473450e-01 1.666666666666666519e+00 4.799999999999999822e+00
3.768115942028985366e+00 4.193653008307656194e+00 1.132075471698113178e+00 2.396313364055299377e+00 4.400000000000000355e+00
3.170731707317073322e+00 3.605708441193113512e+00 6.060606060606060774e-01 1.361111111111110938e+00 3.500000000000000000e+00
3.750000000000000000e+00 4.632465986017062498e+00 1.718750000000000000e+00 2.610062893081761093e+00 4.799999999999999822e+00
2.142857142857142794e+00 3.957062688686257879e+00 0.000000000000000000e+00 1.890756302521008347e+00 3.000000000000000000e+00
3.809523809523809312e+00 4.668415836318409617e+00 1.071428571428571397e+00 2.873563218390804419e+00 5.000000000000000000e+00
2.500000000000000000e+00 3.653791955194793939e+00 7.142857142857141906e-01 1.689419795221842824e+00 4.400000000000000355e+00
2.173913043478260754e+00 2.438673383112109239e+00 0.000000000000000000e+00 5.185185185185184897e-01 3.000000000000000000e+00
2.500000000000000000e+00 3.749944914772561866e+00 9.459459459459460540e-01 1.452380952380952550e+00 3.399999999999999911e+00
3.750000000000000000e+00 4.454328243125383224e+00 1.666666666666666519e+00 2.969696969696969724e+00 3.600000000000000089e+00
3.611111111111111160e+00 4.125524446173715276e+00 9.259259259259258190e-01 1.610738255033556943e+00 4.599999999999999645e+00
4.022988505747126631e+00 4.325049043535045712e+00 1.639344262295081789e+00 2.634615384615384581e+00 4.400000000000000355e+00
3.333333333333333481e+00 3.996815678264946659e+00 1.046511627906976827e+00 2.455621301775147813e+00 4.200000000000000178e+00
2.500000000000000000e+00 4.223741180210103252e+00 7.894736842105263275e-01 2.259036144578313365e+00 4.799999999999999822e+00
2.608695652173913082e+00 4.014432043198244315e+00 1.212121212121212155e+00 2.060606060606060552e+00 4.200000000000000178e+00
3.157894736842105310e+00 3.712748181675129544e+00 1.022727272727272707e+00 1.556122448979591955e+00 3.600000000000000089e+00
3.500000000000000000e+00 4.143084990931765077e+00 1.666666666666666519e+00 2.315436241610738133e+00 4.400000000000000355e+00
2.957746478873239493e+00 3.903588440056873221e+00 4.032258064516128782e-01 1.493775933609958528e+00 4.599999999999999645e+00
4.000000000000000000e+00 4.646374470517360855e+00 2.375000000000000000e+00 3.370786516853932380e+00 4.599999999999999645e+00
2.881355932203389703e+00 3.321638755075761562e+00 5.555555555555555802e-01 1.566125290023201666e+00 4.000000000000000000e+00
3.410852713178294415e+00 4.472267553168555843e+00 6.018518518518518601e-01 2.500000000000000000e+00 4.799999999999999822e+00
3.148148148148148362e+00 3.874591025654143372e+00 9.523809523809523281e-01 1.978021978021977878e+00 4.400000000000000355e+00
3.799999999999999822e+00 4.313679972664487217e+00 1.764705882352941346e+00 2.514792899408284210e+00 5.000000000000000000e+00
4.375000000000000000e+00 4.815020727999026917e+00 2.500000000000000000e+00 4.326923076923076650e+00 5.000000000000000000e+00
2.931034482758620552e+00 3.556145013996450110e+00 7.291666666666667407e-01 1.738609112709832205e+00 4.000000000000000000e+00
2.985074626865671821e+00 4.194108291537979483e+00 9.433962264150943522e-01 2.733990147783251334e+00 4.799999999999999822e+00
2.307692307692307487e+00 3.126313560403243930e+00 2.586206896551724310e-01 1.577868852459016535e+00 3.600000000000000089e+00
5.000000000000000000e+00 5.000000000000000000e+00 5.000000000000000000e+00 5.000000000000000000e+00 5.000000000000000000e+00
2.432432432432432456e+00 3.294482288517073254e+00 5.000000000000000000e-01 1.445312500000000000e+00 4.200000000000000178e+00
4.166666666666666963e+00 4.382247736570964669e+00 2.272727272727272485e+00 2.740384615384615863e+00 5.000000000000000000e+00
3.230769230769230838e+00 4.231832235206642423e+00 1.224489795918367374e+00 2.731707317073170938e+00 4.200000000000000178e+00
4.117647058823528994e+00 4.408888979809161057e+00 1.666666666666666519e+00 2.836538461538461675e+00 4.857000000000000206e+00
4.090909090909090828e+00 4.411095115361264973e+00 2.142857142857142794e+00 2.925925925925925597e+00 4.666999999999999815e+00
3.414634146341463339e+00 4.542915959316081498e+00 1.166666666666666741e+00 2.993197278911564396e+00 4.000000000000000000e+00
3.947368421052631415e+00 4.061761146009114753e+00 6.666666666666666297e-01 2.455089820359281472e+00 4.400000000000000355e+00
1.702127659574468099e+00 3.708270475279133116e+00 0.000000000000000000e+00 1.321243523316062207e+00 4.400000000000000355e+00
3.783783783783783772e+00 4.160569606253538666e+00 2.173913043478260754e+00 2.568807339449541427e+00 4.599999999999999645e+00
3.333333333333333481e+00 4.447040360045086516e+00 9.090909090909091717e-01 2.681818181818181657e+00 3.799999999999999822e+00
1.600000000000000089e+00 3.213172719034670166e+00 0.000000000000000000e+00 1.160714285714285809e+00 2.799999999999999822e+00
2.972972972972972805e+00 3.963427753477521964e+00 4.687500000000000000e-01 1.464843750000000000e+00 4.599999999999999645e+00
3.809523809523809312e+00 4.489439904060451347e+00 1.551724137931034475e+00 2.464454976303317224e+00 4.599999999999999645e+00
3.098591549295774517e+00 4.155345961206782235e+00 8.928571428571429047e-01 1.832669322709163495e+00 3.250000000000000000e+00
4.062500000000000000e+00 4.749221591170725176e+00 1.000000000000000000e+00 2.887323943661971981e+00 4.000000000000000000e+00
3.333333333333333481e+00 3.775990450114892649e+00 1.527777777777777901e+00 2.517006802721088565e+00 4.250000000000000000e+00
3.877551020408163129e+00 4.125723277538265954e+00 1.081081081081081141e+00 2.514792899408284210e+00 5.000000000000000000e+00
4.571428571428571175e+00 4.749101949161025793e+00 2.500000000000000000e+00 3.652173913043478493e+00 4.799999999999999822e+00
3.571428571428571619e+00 4.193355576759473458e+00 1.410256410256410131e+00 2.500000000000000000e+00 4.400000000000000355e+00
3.384615384615384581e+00 4.260152589692020264e+00 6.818181818181817677e-01 2.350119904076738653e+00 4.200000000000000178e+00
2.500000000000000000e+00 3.739295303505821622e+00 1.065573770491803129e+00 2.289156626506024139e+00 3.399999999999999911e+00
3.750000000000000000e+00 4.167389077450202706e+00 1.086956521739130377e+00 2.137096774193548487e+00 4.250000000000000000e+00
3.469387755102040671e+00 4.355952666507930893e+00 1.351351351351351315e+00 2.870967741935483986e+00 4.750000000000000000e+00
4.090909090909090828e+00 4.342165821578865881e+00 2.142857142857142794e+00 2.622377622377622508e+00 5.000000000000000000e+00
3.333333333333333481e+00 4.283240997284015528e+00 1.274509803921568540e+00 2.738693467336683618e+00 4.250000000000000000e+00
3.908045977011494365e+00 4.436321133206303280e+00 1.230769230769230838e+00 2.555555555555555358e+00 4.599999999999999645e+00
2.142857142857142794e+00 2.886377083552213563e+00 2.000000000000000111e-01 1.276595744680850908e+00 3.200000000000000178e+00
2.500000000000000000e+00 4.163349048208571546e+00 1.060606060606060552e+00 2.287234042553191404e+00 4.799999999999999822e+00
3.370786516853932380e+00 4.333809628554726956e+00 9.154929577464788748e-01 2.587548638132295853e+00 4.599999999999999645e+00
2.857142857142857206e+00 4.191379631013258056e+00 3.125000000000000000e-01 1.799999999999999822e+00 3.200000000000000178e+00
2.000000000000000000e+00 3.737615177965938340e+00 2.325581395348837177e-01 1.497326203208555917e+00 4.000000000000000000e+00
3.055555555555555358e+00 4.297472222153348120e+00 1.153846153846153966e+00 1.737804878048780477e+00 4.000000000000000000e+00
3.809523809523809312e+00 4.338475464054966757e+00 1.538461538461538547e+00 3.380281690140845008e+00 5.000000000000000000e+00
3.389830508474576121e+00 4.199677500385339712e+00 9.782608695652174058e-01 2.500000000000000000e+00 4.799999999999999822e+00
3.472222222222222321e+00 4.063218518524324807e+00 1.181818181818181879e+00 2.337962962962963243e+00 4.200000000000000178e+00
3.260869565217391131e+00 4.094510941850669994e+00 1.041666666666666741e+00 2.596153846153846256e+00 4.000000000000000000e+00
3.064516129032258007e+00 4.244817943437205976e+00 6.730769230769230171e-01 2.229381443298969145e+00 4.799999999999999822e+00
2.894736842105263275e+00 4.054195781163419277e+00 4.545454545454545858e-01 1.892361111111111160e+00 3.799999999999999822e+00
4.666666666666666963e+00 4.910164365994512892e+00 2.884615384615384137e+00 4.285714285714285587e+00 5.000000000000000000e+00
3.278688524590164022e+00 3.972956184113783262e+00 1.136363636363636243e+00 2.584269662921348409e+00 4.200000000000000178e+00
2.962962962962962798e+00 3.870587551785201086e+00 0.000000000000000000e+00 1.545454545454545414e+00 4.000000000000000000e+00
2.916666666666666519e+00 4.352444114433881239e+00 1.250000000000000000e+00 2.027027027027027195e+00 4.900000000000000355e+00
4.062500000000000000e+00 4.607083235392014586e+00 2.435897435897435681e+00 3.437500000000000000e+00 4.400000000000000355e+00
2.875000000000000000e+00 4.140693560575824606e+00 7.031250000000000000e-01 2.000000000000000000e+00 4.200000000000000178e+00
4.285714285714285587e+00 4.547390599804781885e+00 1.458333333333333481e+00 2.481481481481481399e+00 4.400000000000000355e+00
1.724137931034482651e+00 3.015527693252028740e+00 2.083333333333333148e-01 9.655172413793102759e-01 1.000000000000000000e+00
4.117647058823528994e+00 4.343314790227312372e+00 1.666666666666666519e+00 2.227272727272727071e+00 4.200000000000000178e+00
2.142857142857142794e+00 3.876340974356857316e+00 2.000000000000000111e-01 1.565217391304347894e+00 3.200000000000000178e+00
5.000000000000000000e+00 5.000000000000001776e+00 5.000000000000000000e+00 5.000000000000000000e+00 5.000000000000000000e+00
4.516129032258064946e+00 4.521110195880285509e+00 1.750000000000000000e+00 3.205128205128205288e+00 4.599999999999999645e+00
2.753623188405796895e+00 4.031711280800419850e+00 5.357142857142856984e-01 2.227272727272727071e+00 4.000000000000000000e+00
5.000000000000000000e+00 4.999999999999999112e+00 5.000000000000000000e+00 4.565217391304347672e+00 5.000000000000000000e+00
4.166666666666666963e+00 4.658737400066497614e+00 2.413793103448275801e+00 3.461538461538461675e+00 5.000000000000000000e+00
3.000000000000000000e+00 4.256987156801235628e+00 7.031250000000000000e-01 2.222222222222222321e+00 4.599999999999999645e+00
2.933333333333333126e+00 4.234715814206504447e+00 5.555555555555555802e-01 1.872659176029962680e+00 4.200000000000000178e+00
2.837837837837837718e+00 4.331772158902163383e+00 5.555555555555555802e-01 1.891891891891892108e+00 3.799999999999999822e+00
4.390243902439024737e+00 4.530232215898120529e+00 2.399999999999999911e+00 3.013698630136985912e+00 4.799999999999999822e+00
4.400000000000000355e+00 4.879207275663671517e+00 2.666666666666666519e+00 4.324324324324324564e+00 4.599999999999999645e+00
5.000000000000000000e+00 4.999999999999999112e+00 5.000000000000000000e+00 5.000000000000000000e+00 5.000000000000000000e+00
3.170731707317073322e+00 4.182538729061366922e+00 9.677419354838709964e-01 2.236842105263157965e+00 4.400000000000000355e+00
2.539682539682539542e+00 3.212063250856282082e+00 3.703703703703703498e-01 1.395348837209302362e+00 4.400000000000000355e+00
3.471074380165289242e+00 4.473720236769752390e+00 3.773584905660377076e-01 2.532467532467532312e+00 4.400000000000000355e+00
3.968253968253968367e+00 4.431126900152172254e+00 1.744186046511627897e+00 3.049999999999999822e+00 5.000000000000000000e+00
4.545454545454545858e+00 4.327050295328136897e+00 6.250000000000000000e-01 2.236842105263157965e+00 3.571000000000000174e+00
3.243243243243243423e+00 3.509656065426250748e+00 6.896551724137931494e-01 1.307189542483660150e+00 3.600000000000000089e+00
3.064516129032258007e+00 4.325612568517128942e+00 7.000000000000000666e-01 1.895833333333333259e+00 3.600000000000000089e+00
3.584905660377358583e+00 4.373505285330071324e+00 1.125000000000000000e+00 2.467948717948718063e+00 4.400000000000000355e+00
4.102564102564102200e+00 4.655548243058817981e+00 2.142857142857142794e+00 2.806324110671936545e+00 4.799999999999999822e+00
2.790697674418604723e+00 3.558662859435571590e+00 9.090909090909091717e-01 1.741935483870967749e+00 4.000000000000000000e+00
3.220338983050847315e+00 3.301148353849084671e+00 6.818181818181817677e-01 2.255434782608695787e+00 4.400000000000000355e+00
2.692307692307692513e+00 4.269825984622192649e+00 5.000000000000000000e-01 1.826923076923076872e+00 5.000000000000000000e+00
3.846153846153846256e+00 4.297836430074149838e+00 2.291666666666666519e+00 3.156028368794326244e+00 4.599999999999999645e+00
1.351351351351351315e+00 2.589988040172275241e+00 3.225806451612903136e-01 9.032258064516128782e-01 2.399999999999999911e+00
7.692307692307692735e-01 1.095375980120485648e+00 0.000000000000000000e+00 6.578947368421052266e-02 1.399999999999999911e+00
2.500000000000000000e+00 3.426195701870436316e+00 1.612903225806451568e-01 1.388888888888888840e+00 4.599999999999999645e+00
2.500000000000000000e+00 3.851568939830030569e+00 7.142857142857141906e-01 1.631016042780748743e+00 4.500000000000000000e+00
2.258064516129032473e+00 2.709827614455918798e+00 2.727272727272727071e-01 1.396761133603239058e+00 3.750000000000000000e+00
3.802816901408450523e+00 4.563420056943832570e+00 1.400000000000000133e+00 2.974358974358974450e+00 5.000000000000000000e+00
2.962962962962962798e+00 3.549965945470932915e+00 4.761904761904761640e-01 1.576576576576576461e+00 4.000000000000000000e+00
3.125000000000000000e+00 4.208015668173960222e+00 7.894736842105263275e-01 1.864406779661016866e+00 4.400000000000000355e+00
3.804347826086956541e+00 4.205879137710757831e+00 1.111111111111111160e+00 2.627737226277372606e+00 4.799999999999999822e+00
3.432835820895522527e+00 4.126107434343491143e+00 1.521739130434782705e+00 2.441314553990610481e+00 4.200000000000000178e+00
3.181818181818181657e+00 3.884890896859849452e+00 1.250000000000000000e+00 2.074829931972788977e+00 3.799999999999999822e+00
3.076923076923077094e+00 4.015505693132358722e+00 8.870967741935484874e-01 1.981818181818181923e+00 3.799999999999999822e+00
3.196721311475410054e+00 4.308137150613355004e+00 4.716981132075471761e-01 2.276315789473684514e+00 4.200000000000000178e+00
2.972972972972972805e+00 3.630345898059426979e+00 6.896551724137931494e-01 1.479999999999999982e+00 4.200000000000000178e+00
3.181818181818181657e+00 4.076772232944013474e+00 1.250000000000000000e+00 2.152777777777777679e+00 3.600000000000000089e+00
3.536585365853658569e+00 4.340482494855518070e+00 1.311475409836065698e+00 2.868525896414342746e+00 4.250000000000000000e+00
2.500000000000000000e+00 3.731756951532255062e+00 7.042253521126761173e-01 1.683848797250859342e+00 4.000000000000000000e+00
2.173913043478260754e+00 3.832185622829881844e+00 1.212121212121212155e+00 1.706586826347305408e+00 4.750000000000000000e+00
2.463768115942028825e+00 4.184419906139126510e+00 5.357142857142856984e-01 2.557603686635944840e+00 4.599999999999999645e+00
3.235294117647058876e+00 4.376627497920738463e+00 1.250000000000000000e+00 1.644736842105263275e+00 4.400000000000000355e+00
3.437500000000000000e+00 3.953992711615705868e+00 1.086956521739130377e+00 2.303664921465968352e+00 4.400000000000000355e+00
4.736842105263157521e+00 4.349733289998050090e+00 2.500000000000000000e+00 2.812500000000000000e+00 4.200000000000000178e+00
3.235294117647058876e+00 3.997428120023770681e+00 8.181818181818181213e-01 2.169811320754717165e+00 3.399999999999999911e+00
2.926829268292682862e+00 4.173542421876669017e+00 9.677419354838709964e-01 2.110389610389610482e+00 4.000000000000000000e+00
3.026315789473684070e+00 3.906790259572967106e+00 7.142857142857141906e-01 1.928838951310861471e+00 3.600000000000000089e+00
3.823529411764706065e+00 4.202400119789814426e+00 1.521739130434782705e+00 2.282608695652173836e+00 4.400000000000000355e+00
4.347826086956521507e+00 4.805139463848560943e+00 2.500000000000000000e+00 4.074074074074073515e+00 4.000000000000000000e+00
2.500000000000000000e+00 4.163919913608539858e+00 4.651162790697674354e-01 1.527777777777777901e+00 3.799999999999999822e+00
5.000000000000000000e+00 4.908069514451538495e+00 2.647058823529411686e+00 3.714285714285714413e+00 5.000000000000000000e+00
4.054054054054054390e+00 4.374798744499787340e+00 1.836734693877551061e+00 2.825203252032520318e+00 4.599999999999999645e+00
3.333333333333333481e+00 3.879473748310559245e+00 9.836065573770491621e-01 2.160000000000000142e+00 3.200000000000000178e+00
3.921568627450980227e+00 4.586912694583281436e+00 1.911764705882352811e+00 2.872928176795579880e+00 4.000000000000000000e+00
2.500000000000000000e+00 -1.098488861592290811e-01 0.000000000000000000e+00 0.000000000000000000e+00 0.000000000000000000e+00
2.600000000000000089e+00 3.772838193193200240e+00 7.500000000000000000e-01 2.270114942528735469e+00 3.799999999999999822e+00
5.000000000000000000e+00 4.919535121939802913e+00 3.666666666666666519e+00 4.368421052631578760e+00 5.000000000000000000e+00
3.712121212121211933e+00 4.051991940267819281e+00 1.340206185567010211e+00 2.600000000000000089e+00 4.200000000000000178e+00
3.658536585365853799e+00 4.373306133620233460e+00 1.851851851851851638e+00 2.919708029197080279e+00 4.200000000000000178e+00
2.978723404255319007e+00 3.786811117547772110e+00 6.756756756756756577e-01 2.327044025157232632e+00 4.599999999999999645e+00
5.000000000000000000e+00 4.999999999999999112e+00 5.000000000000000000e+00 4.772727272727273373e+00 5.000000000000000000e+00
3.538461538461538325e+00 4.420650297718777821e+00 7.407407407407406996e-01 2.793733681462140961e+00 4.400000000000000355e+00
2.432432432432432456e+00 3.280164545890323247e+00 6.896551724137931494e-01 1.466666666666666785e+00 1.800000000000000044e+00
3.191489361702127603e+00 2.955268656747882527e+00 1.718750000000000000e+00 2.276119402985074647e+00 2.799999999999999822e+00
3.030303030303030276e+00 3.836876540150146120e+00 1.304347826086956541e+00 1.923076923076923128e+00 5.000000000000000000e+00
4.666666666666666963e+00 4.861165940853608980e+00 3.666666666666666519e+00 4.307228915662650870e+00 4.857000000000000206e+00
3.600000000000000089e+00 4.522641025223768985e+00 1.388888888888888840e+00 2.959770114942528618e+00 4.000000000000000000e+00
3.421052631578947345e+00 3.948115066815064189e+00 6.666666666666666297e-01 1.540880503144653968e+00 5.000000000000000000e+00
3.333333333333333481e+00 4.246532242704351923e+00 0.000000000000000000e+00 1.607142857142857206e+00 3.799999999999999822e+00
1.333333333333333259e+00 2.826043343017362375e+00 0.000000000000000000e+00 6.034482758620689502e-01 3.399999999999999911e+00
3.055555555555555358e+00 4.257375971531754288e+00 1.612903225806451568e-01 2.093023255813953654e+00 4.400000000000000355e+00
3.593750000000000000e+00 4.471028208790185587e+00 1.555555555555555580e+00 2.980295566502463522e+00 4.599999999999999645e+00
2.972972972972972805e+00 4.138003419026866858e+00 5.555555555555555802e-01 1.794871794871794934e+00 4.799999999999999822e+00
2.653061224489795755e+00 3.145732315617852493e+00 5.000000000000000000e-01 1.220238095238095122e+00 3.799999999999999822e+00
2.500000000000000000e+00 7.108253848119867879e-02 0.000000000000000000e+00 0.000000000000000000e+00 0.000000000000000000e+00
3.902439024390243816e+00 4.553116084944165642e+00 1.851851851851851638e+00 2.792207792207792139e+00 5.000000000000000000e+00
3.703703703703703720e+00 4.317752179523814959e+00 1.857142857142857206e+00 2.780898876404494402e+00 4.599999999999999645e+00
3.809523809523809312e+00 4.625227749480970374e+00 2.600000000000000089e+00 3.758865248226950229e+00 5.000000000000000000e+00
3.695652173913043459e+00 4.527507926742764255e+00 1.470588235294117752e+00 2.775974025974026205e+00 4.599999999999999645e+00
2.826086956521739246e+00 3.522223329173512774e+00 5.405405405405405705e-01 1.124260355029585767e+00 3.500000000000000000e+00
1.764705882352941124e+00 2.069956743870751126e+00 1.724137931034482873e-01 8.074534161490682926e-01 3.750000000000000000e+00
2.765957446808510856e+00 4.340904011729823431e+00 8.108108108108108558e-01 2.065868263473053634e+00 3.750000000000000000e+00
4.242424242424242209e+00 4.454385724355206300e+00 2.631578947368420796e+00 3.545454545454545414e+00 5.000000000000000000e+00
3.428571428571428381e+00 3.968806468997588155e+00 1.477272727272727293e+00 3.040201005025125358e+00 3.600000000000000089e+00
4.545454545454545858e+00 4.543333204896141453e+00 2.250000000000000000e+00 2.738095238095238138e+00 4.599999999999999645e+00
2.923076923076922906e+00 3.516258900957885292e+00 2.631578947368420907e-01 1.297071129707112913e+00 4.000000000000000000e+00
5.000000000000000000e+00 5.000000000000000888e+00 5.000000000000000000e+00 4.607843137254901578e+00 5.000000000000000000e+00
1.750000000000000000e+00 3.780128991236841873e+00 6.666666666666666297e-01 1.333333333333333259e+00 4.799999999999999822e+00
2.702702702702702631e+00 3.179959477307653160e+00 3.225806451612903136e-01 1.172839506172839386e+00 4.400000000000000355e+00
3.750000000000000000e+00 4.583054276730542220e+00 1.250000000000000000e+00 3.162162162162162282e+00 4.599999999999999645e+00
4.285714285714285587e+00 4.605785088670446115e+00 1.458333333333333481e+00 3.070866141732283339e+00 4.799999999999999822e+00
3.414634146341463339e+00 4.212019214809116896e+00 1.607142857142857206e+00 2.272727272727272485e+00 4.400000000000000355e+00
3.243243243243243423e+00 4.103317608146292095e+00 6.896551724137931494e-01 1.568627450980392135e+00 4.200000000000000178e+00
1.470588235294117752e+00 2.325912287467754247e+00 1.724137931034482873e-01 9.271523178807947740e-01 4.400000000000000355e+00
3.000000000000000000e+00 3.993458351535121409e+00 5.000000000000000000e-01 1.883408071748878809e+00 4.799999999999999822e+00
3.658536585365853799e+00 3.984432199383125539e+00 7.812500000000000000e-01 3.037974683544304000e+00 4.799999999999999822e+00
2.427184466019417286e+00 3.826765214217406896e+00 5.617977528089888040e-01 1.891495601173020624e+00 4.799999999999999822e+00
3.163265306122449161e+00 4.102889717430410421e+00 7.500000000000000000e-01 2.401812688821752140e+00 4.799999999999999822e+00
4.411764705882353255e+00 4.452234263631483557e+00 2.000000000000000000e+00 2.892156862745098422e+00 4.799999999999999822e+00
5.000000000000000000e+00 4.832036452713809993e+00 5.000000000000000000e+00 3.837209302325581550e+00 5.000000000000000000e+00
4.545454545454545858e+00 4.630238509010780490e+00 8.333333333333332593e-01 2.333333333333333481e+00 4.799999999999999822e+00
2.500000000000000000e+00 4.492305136129911780e+00 1.363636363636363535e+00 2.753906250000000000e+00 5.000000000000000000e+00
3.246753246753246724e+00 3.996320926757252145e+00 9.016393442622950838e-01 2.158671586715867008e+00 4.599999999999999645e+00
3.000000000000000000e+00 2.423280718889550656e+00 7.142857142857141906e-01 1.666666666666666519e+00 3.399999999999999911e+00
2.127659574468085069e+00 3.274867723962498367e+00 5.263157894736841813e-01 1.202531645569620222e+00 3.600000000000000089e+00
2.608695652173913082e+00 3.687003093008978105e+00 2.777777777777777901e-01 7.526881720430107503e-01 4.799999999999999822e+00
2.857142857142857206e+00 3.369535793218886077e+00 1.081081081081081141e+00 1.851851851851851638e+00 4.200000000000000178e+00
5.833333333333333037e+00 4.107796669404418566e+00 3.000000000000000000e+00 3.709677419354838968e+00 5.000000000000000000e+00
4.090909090909090828e+00 4.228640450480927626e+00 2.142857142857142794e+00 2.788944723618090205e+00 4.000000000000000000e+00
3.200000000000000178e+00 4.390868009312875131e+00 1.176470588235294157e+00 2.666666666666666519e+00 5.000000000000000000e+00
3.877551020408163129e+00 4.628545589532430782e+00 1.818181818181818343e+00 2.798742138364779919e+00 5.000000000000000000e+00
2.745098039215686292e+00 3.859146722110444738e+00 8.750000000000000000e-01 1.628440366972476960e+00 4.200000000000000178e+00
2.343750000000000000e+00 2.888258203715047934e+00 2.678571428571428492e-01 1.363636363636363535e+00 4.400000000000000355e+00
1.333333333333333259e+00 2.684289913870503419e+00 0.000000000000000000e+00 1.090909090909090828e+00 4.200000000000000178e+00
4.571428571428571175e+00 4.851606238038828067e+00 2.894736842105263275e+00 3.728070175438596312e+00 5.000000000000000000e+00
4.054054054054054390e+00 4.327176932906072082e+00 2.173913043478260754e+00 2.610619469026548956e+00 5.000000000000000000e+00
3.333333333333333481e+00 3.555069724675610665e+00 1.410256410256410131e+00 1.938202247191011196e+00 4.400000000000000355e+00
2.719298245614035103e+00 3.892464109769470770e+00 1.000000000000000000e+00 1.922110552763819147e+00 4.000000000000000000e+00
4.444444444444444642e+00 4.910766917280163568e+00 2.884615384615384137e+00 4.406250000000000000e+00 5.000000000000000000e+00
3.953488372093023173e+00 4.542586854334924595e+00 1.473684210526315708e+00 2.851458885941644539e+00 4.799999999999999822e+00
3.055555555555555358e+00 3.325294383057306291e+00 3.333333333333333148e-01 1.554621848739495826e+00 4.000000000000000000e+00
3.125000000000000000e+00 3.863476795872058389e+00 1.666666666666666519e+00 2.020202020202020332e+00 5.000000000000000000e+00
2.500000000000000000e+00 4.362818464359064841e+00 9.210526315789473450e-01 2.351190476190476275e+00 4.400000000000000355e+00
2.000000000000000000e+00 3.331360755404340068e+00 5.000000000000000000e-01 1.400000000000000133e+00 4.375000000000000000e+00
3.488372093023255793e+00 3.645244680611814836e+00 1.230769230769230838e+00 2.116104868913857739e+00 3.600000000000000089e+00
3.750000000000000000e+00 4.373241041179538158e+00 1.666666666666666519e+00 2.723880597014925353e+00 4.750000000000000000e+00
3.157894736842105310e+00 3.589364722699505794e+00 6.666666666666666297e-01 1.544715447154471732e+00 4.500000000000000000e+00
3.250000000000000000e+00 4.205232574107835575e+00 1.000000000000000000e+00 2.251655629139072801e+00 4.500000000000000000e+00
3.333333333333333481e+00 4.232234006761311562e+00 1.410256410256410131e+00 2.845303867403314868e+00 4.500000000000000000e+00
3.731343283582089665e+00 4.608268797611609457e+00 1.931818181818181657e+00 3.225806451612903025e+00 4.599999999999999645e+00
5.000000000000000000e+00 4.999999999999999112e+00 5.000000000000000000e+00 5.000000000000000000e+00 5.000000000000000000e+00
4.200000000000000178e+00 4.674639351816466615e+00 1.571428571428571397e+00 3.065476190476190688e+00 4.599999999999999645e+00
2.884615384615384581e+00 4.033540172802521973e+00 1.000000000000000000e+00 2.189542483660130934e+00 4.599999999999999645e+00
4.545454545454545858e+00 4.361602849227504741e+00 6.250000000000000000e-01 2.088607594936708889e+00 3.750000000000000000e+00
4.375000000000000000e+00 4.634562356969058605e+00 3.235294117647058876e+00 3.952380952380952106e+00 5.000000000000000000e+00
2.608695652173913082e+00 3.914252440507298481e+00 2.777777777777777901e-01 1.907894736842105310e+00 3.750000000000000000e+00
3.375000000000000000e+00 4.233291764439051974e+00 7.936507936507936067e-01 2.490842490842490875e+00 4.250000000000000000e+00
2.750000000000000000e+00 3.544926134034664500e+00 4.545454545454545858e-01 1.472392638036809975e+00 4.599999999999999645e+00
3.214285714285714413e+00 3.076072062350815983e+00 7.142857142857141906e-01 1.376146788990825875e+00 4.599999999999999645e+00
2.500000000000000000e+00 -5.140669479579688950e-02 0.000000000000000000e+00 0.000000000000000000e+00 0.000000000000000000e+00
2.500000000000000000e+00 4.667037879625116403e+00 1.623376623376623362e+00 3.278985507246376940e+00 4.000000000000000000e+00
4.130434782608695343e+00 4.529159260979103152e+00 1.562500000000000000e+00 3.106508875739644626e+00 4.599999999999999645e+00
4.411764705882353255e+00 4.474060686426098776e+00 2.000000000000000000e+00 3.019801980198019820e+00 4.599999999999999645e+00
5.000000000000000000e+00 4.775902449291841378e+00 3.666666666666666519e+00 4.567307692307692513e+00 5.000000000000000000e+00
2.500000000000000000e+00 4.316234327934711068e+00 6.097560975609755962e-01 2.238372093023255793e+00 4.200000000000000178e+00
3.488372093023255793e+00 4.453639391418313664e+00 1.724137931034482873e+00 2.500000000000000000e+00 4.799999999999999822e+00
2.649572649572649485e+00 3.818381846481092801e+00 4.950495049504950451e-01 1.779859484777517542e+00 4.400000000000000355e+00
2.330097087378640630e+00 3.586823534126699631e+00 5.000000000000000000e-01 1.680790960451977512e+00 4.400000000000000355e+00
3.921568627450980227e+00 4.540213586291907077e+00 2.419354838709677491e+00 3.421052631578947345e+00 4.799999999999999822e+00
4.375000000000000000e+00 4.737706889733045656e+00 2.500000000000000000e+00 3.660714285714285587e+00 4.799999999999999822e+00
3.823529411764706065e+00 4.685274792440565328e+00 1.888888888888888840e+00 3.148148148148148362e+00 4.599999999999999645e+00
3.142857142857142794e+00 3.832147921431558579e+00 7.407407407407406996e-01 1.937984496124031120e+00 5.000000000000000000e+00
4.861111111111110716e+00 4.625449201914266339e+00 3.250000000000000000e+00 3.975609756097560954e+00 4.599999999999999645e+00
2.727272727272727071e+00 3.284006272231068113e+00 1.351351351351351426e-01 1.818181818181818343e+00 4.599999999999999645e+00
3.571428571428571619e+00 4.394995138396716960e+00 1.785714285714285809e+00 2.559523809523809312e+00 4.599999999999999645e+00
3.626373626373626369e+00 3.882445855639581112e+00 1.304347826086956541e+00 2.509157509157509125e+00 4.799999999999999822e+00
3.815789473684210620e+00 4.403674152150611754e+00 1.250000000000000000e+00 2.760617760617760652e+00 4.799999999999999822e+00
3.076923076923077094e+00 4.238387858641722516e+00 6.451612903225806273e-01 2.315436241610738133e+00 4.400000000000000355e+00
5.000000000000000000e+00 5.000000000000000000e+00 5.000000000000000000e+00 5.000000000000000000e+00 5.000000000000000000e+00
4.000000000000000000e+00 4.280188300293430892e+00 6.521739130434782705e-01 2.440944881889763884e+00 4.200000000000000178e+00
4.054054054054054390e+00 4.251502445460952018e+00 2.173913043478260754e+00 2.477876106194690120e+00 5.000000000000000000e+00
6.153846153846154188e+00 3.235775938925482986e+00 2.500000000000000000e+00 2.714285714285713969e+00 5.000000000000000000e+00
4.827586206896551602e+00 4.891680162666382614e+00 2.812500000000000000e+00 4.405940594059406301e+00 4.799999999999999822e+00
3.617021276595744794e+00 4.411243941279639813e+00 2.000000000000000000e+00 3.027210884353741527e+00 4.799999999999999822e+00
2.500000000000000000e+00 4.232070038062417439e+00 6.097560975609755962e-01 1.705882352941176627e+00 4.000000000000000000e+00
3.421052631578947345e+00 4.205690427068182302e+00 1.538461538461538547e+00 2.226890756302521091e+00 5.000000000000000000e+00
2.533333333333333215e+00 3.627304704920595757e+00 7.377049180327868161e-01 1.933797909407665383e+00 3.399999999999999911e+00
2.954545454545454586e+00 4.037116918076426586e+00 8.823529411764706731e-01 2.020202020202020332e+00 4.000000000000000000e+00
2.530120481927710774e+00 4.196900219721326764e+00 8.461538461538462563e-01 2.160493827160493652e+00 4.400000000000000355e+00
4.117647058823528994e+00 3.739217754308285180e+00 1.875000000000000000e+00 2.735849056603773644e+00 4.400000000000000355e+00
2.500000000000000000e+00 4.413238706351407359e+00 1.730769230769230838e+00 2.834645669291338432e+00 4.599999999999999645e+00
3.088235294117647189e+00 4.129494281432561031e+00 7.142857142857141906e-01 2.250000000000000000e+00 4.500000000000000000e+00
1.960784313725490113e+00 2.961943266464857949e+00 5.056179775280899014e-01 1.153846153846153966e+00 3.200000000000000178e+00
4.347826086956521507e+00 4.663350948806945340e+00 2.916666666666666963e+00 3.879310344827586299e+00 4.857000000000000206e+00
2.105263157894736725e+00 3.138221010863286420e+00 4.838709677419354982e-01 1.100628930817610041e+00 4.000000000000000000e+00
2.888888888888888840e+00 4.016764022219938113e+00 8.571428571428572063e-01 2.004950495049504955e+00 4.110999999999999766e+00
3.658536585365853799e+00 4.205033332972605287e+00 1.607142857142857206e+00 2.384105960264900403e+00 4.599999999999999645e+00
2.824427480916030575e+00 4.222082797528863729e+00 3.043478260869565410e-01 1.975609756097560954e+00 4.200000000000000178e+00
3.695652173913043459e+00 4.292812961166002417e+00 1.000000000000000000e+00 2.439759036144578452e+00 5.000000000000000000e+00
3.035714285714285587e+00 4.444102531768640674e+00 9.090909090909091717e-01 2.486910994764397920e+00 4.000000000000000000e+00
3.076923076923077094e+00 3.782535753748805796e+00 2.500000000000000000e+00 1.759259259259259300e+00 4.200000000000000178e+00
3.170731707317073322e+00 4.318080699915092246e+00 9.677419354838709964e-01 2.266666666666666607e+00 4.799999999999999822e+00
4.594594594594594739e+00 4.818488575369497262e+00 2.272727272727272485e+00 3.606557377049180335e+00 5.000000000000000000e+00
3.333333333333333481e+00 4.301715918075736056e+00 8.219178082191780366e-01 1.797153024911032126e+00 4.400000000000000355e+00
2.816901408450704025e+00 4.070893231319703709e+00 4.032258064516128782e-01 1.875000000000000000e+00 3.799999999999999822e+00
3.953488372093023173e+00 4.153089281555609524e+00 2.037037037037036757e+00 2.300000000000000266e+00 3.600000000000000089e+00
5.000000000000000000e+00 4.999999999999999112e+00 5.000000000000000000e+00 4.677419354838709076e+00 5.000000000000000000e+00
3.571428571428571619e+00 3.802385524735061306e+00 9.375000000000000000e-01 2.914110429447852368e+00 4.799999999999999822e+00
4.285714285714285587e+00 4.410207454571045460e+00 2.380952380952380931e+00 3.360655737704917989e+00 4.599999999999999645e+00
4.328358208955223496e+00 4.410888096230318745e+00 1.250000000000000000e+00 3.270142180094786521e+00 4.200000000000000178e+00
3.714285714285714413e+00 4.597752203998851428e+00 1.734693877551020336e+00 3.109243697478991653e+00 4.400000000000000355e+00
4.666666666666666963e+00 4.814361259229312573e+00 2.878787878787878896e+00 4.147058823529412130e+00 4.833000000000000185e+00
2.500000000000000000e+00 4.096340562610122582e+00 4.878048780487804770e-01 1.478494623655913998e+00 4.799999999999999822e+00
4.444444444444444642e+00 4.902070088138429149e+00 2.321428571428571619e+00 4.151515151515151381e+00 5.000000000000000000e+00
2.272727272727272929e+00 3.583045081613543736e+00 2.941176470588235392e-01 1.488095238095238138e+00 2.799999999999999822e+00
3.090909090909090828e+00 4.275590797280902855e+00 9.302325581395348708e-01 2.231182795698924526e+00 3.200000000000000178e+00
3.333333333333333481e+00 4.019813509513601169e+00 1.612903225806451513e+00 2.685185185185185563e+00 3.799999999999999822e+00
3.536585365853658569e+00 4.196368059826621533e+00 1.311475409836065698e+00 2.696850393700787496e+00 4.000000000000000000e+00
2.500000000000000000e+00 9.372387080119205793e-02 0.000000000000000000e+00 0.000000000000000000e+00 0.000000000000000000e+00
2.500000000000000000e+00 4.945219655460403096e+00 4.000000000000000000e+00 4.514563106796116720e+00 4.799999999999999822e+00
3.478260869565217295e+00 4.106326766852422594e+00 1.214285714285714191e+00 2.450331125827814649e+00 4.200000000000000178e+00
3.333333333333333481e+00 3.981751213612892748e+00 1.612903225806451513e+00 2.763975155279503326e+00 3.600000000000000089e+00
3.793103448275862100e+00 4.417322585380563105e+00 1.610169491525423657e+00 2.558139534883721034e+00 4.799999999999999822e+00
3.695652173913043459e+00 3.707714593002125358e+00 1.176470588235294157e+00 1.903225806451612767e+00 4.200000000000000178e+00
1.818181818181818121e+00 3.361392516112266193e+00 2.631578947368420907e-01 1.042780748663101553e+00 3.200000000000000178e+00
3.103448275862068950e+00 2.337272925023869519e+00 1.250000000000000000e+00 1.416666666666666519e+00 1.600000000000000089e+00
3.750000000000000000e+00 4.040620178003647034e+00 1.395348837209302362e+00 2.367021276595744794e+00 4.200000000000000178e+00
3.589743589743589869e+00 3.349582855644661628e+00 3.030303030303030387e-01 2.281250000000000000e+00 4.400000000000000355e+00
4.117647058823528994e+00 4.814863499126270874e+00 2.222222222222222321e+00 3.727272727272727515e+00 5.000000000000000000e+00
1.666666666666666741e+00 3.197481534987005602e+00 3.333333333333333148e-01 1.136363636363636243e+00 4.000000000000000000e+00
2.500000000000000000e+00 4.143871711468164243e+00 2.619047619047619069e+00 3.037037037037037202e+00 4.400000000000000355e+00
3.571428571428571619e+00 3.825502436564591324e+00 5.555555555555555802e-01 3.240740740740740478e+00 4.200000000000000178e+00
5.000000000000000000e+00 4.999999999999999112e+00 5.000000000000000000e+00 5.000000000000000000e+00 5.000000000000000000e+00
3.440860215053763493e+00 4.465070098340106597e+00 1.180555555555555580e+00 2.627388535031847105e+00 4.000000000000000000e+00
3.015873015873015817e+00 3.590377987157797879e+00 7.291666666666667407e-01 2.307692307692307931e+00 4.200000000000000178e+00
2.758620689655172598e+00 2.953309294335371149e+00 6.818181818181817677e-01 1.428571428571428381e+00 5.000000000000000000e+00
2.600000000000000089e+00 3.841477292532373689e+00 8.974358974358974672e-01 1.752336448598130758e+00 4.000000000000000000e+00
3.863636363636363757e+00 4.573983869751451437e+00 1.666666666666666519e+00 2.770270270270270174e+00 5.000000000000000000e+00
3.333333333333333481e+00 4.465338940523388089e+00 1.489361702127659504e+00 2.908653846153846256e+00 4.599999999999999645e+00
3.617021276595744794e+00 3.970076673266131895e+00 9.722222222222222099e-01 2.422360248447205322e+00 5.000000000000000000e+00
3.548387096774193505e+00 4.607742538375382502e+00 8.695652173913043237e-01 3.442622950819671956e+00 4.799999999999999822e+00
2.916666666666666519e+00 3.567679519461047555e+00 6.410256410256409687e-01 2.225433526011560748e+00 3.799999999999999822e+00
1.875000000000000000e+00 3.615670123450598350e+00 5.000000000000000000e-01 1.327683615819208907e+00 3.399999999999999911e+00
4.117647058823528994e+00 4.498788086048215007e+00 1.527777777777777901e+00 2.993827160493827133e+00 5.000000000000000000e+00
2.692307692307692513e+00 4.079451258979123196e+00 0.000000000000000000e+00 1.111111111111111160e+00 2.600000000000000089e+00
4.857142857142856762e+00 4.676446451990299735e+00 3.421052631578947345e+00 4.205128205128205288e+00 3.399999999999999911e+00
2.448979591836734748e+00 4.238319023363922078e+00 4.878048780487804770e-01 1.938202247191011196e+00 3.200000000000000178e+00
2.500000000000000000e+00 4.191379631013258056e+00 2.941176470588235392e-01 1.406250000000000000e+00 3.799999999999999822e+00
3.921568627450980227e+00 4.483201886312063067e+00 2.187500000000000000e+00 3.205128205128205288e+00 5.000000000000000000e+00
3.250000000000000000e+00 4.128105581205200991e+00 1.206896551724137900e+00 2.281879194630872298e+00 4.000000000000000000e+00
3.906250000000000000e+00 4.199680629325365011e+00 1.020408163265306145e+00 2.374429223744292106e+00 4.400000000000000355e+00
2.500000000000000000e+00 3.360132385582618397e+00 2.586206896551724310e-01 1.196078431372548989e+00 3.399999999999999911e+00
2.500000000000000000e+00 3.618789419798514206e+00 4.545454545454545858e-01 1.567656765676567865e+00 4.200000000000000178e+00
2.200000000000000178e+00 3.814231966019908882e+00 2.325581395348837177e-01 1.476683937823834114e+00 4.599999999999999645e+00
2.500000000000000000e+00 4.332039419480521403e+00 9.523809523809523281e-01 2.192028985507246563e+00 4.000000000000000000e+00
3.333333333333333481e+00 4.192748545235855495e+00 7.500000000000000000e-01 1.906779661016948957e+00 4.000000000000000000e+00
4.065934065934065700e+00 4.434858269701931199e+00 1.587301587301587213e+00 2.639405204460966825e+00 4.000000000000000000e+00
2.500000000000000000e+00 6.719645412699155884e-02 0.000000000000000000e+00 0.000000000000000000e+00 0.000000000000000000e+00
2.500000000000000000e+00 1.442265779385545788e+00 0.000000000000000000e+00 3.333333333333333148e-01 2.799999999999999822e+00
3.650793650793650702e+00 4.427486691588004675e+00 9.223300970873786753e-01 2.408759124087591186e+00 4.400000000000000355e+00
3.255813953488372103e+00 4.349525593807763713e+00 9.090909090909091717e-01 2.407407407407407440e+00 4.200000000000000178e+00
3.043478260869565410e+00 3.954871751941943625e+00 7.894736842105263275e-01 2.007389162561576512e+00 4.599999999999999645e+00
2.173913043478260754e+00 2.667469110613565064e+00 0.000000000000000000e+00 7.142857142857141906e-01 4.166999999999999815e+00
2.297297297297297369e+00 3.916387503498240275e+00 3.030303030303030387e-01 1.832740213523131656e+00 4.200000000000000178e+00
2.187500000000000000e+00 3.703059232762512032e+00 2.678571428571428492e-01 1.485943775100401432e+00 3.200000000000000178e+00
3.414634146341463339e+00 4.404671752009408969e+00 1.311475409836065698e+00 2.889344262295082011e+00 4.200000000000000178e+00
3.387096774193548487e+00 4.324334952720199965e+00 1.627906976744186274e+00 2.729468599033816112e+00 4.599999999999999645e+00
2.857142857142857206e+00 3.835040236345295117e+00 1.206896551724137900e+00 2.380952380952380931e+00 3.200000000000000178e+00
4.081632653061224580e+00 4.684753597760857424e+00 1.081081081081081141e+00 3.118279569892473013e+00 4.599999999999999645e+00
4.035087719298245723e+00 4.757356467542960488e+00 1.022727272727272707e+00 2.368421052631578760e+00 4.799999999999999822e+00
3.768115942028985366e+00 4.566657208397063350e+00 1.770833333333333481e+00 3.059071729957805630e+00 4.400000000000000355e+00
1.515151515151515138e+00 2.096378675070124320e+00 1.785714285714285476e-01 8.561643835616438158e-01 4.400000000000000355e+00
3.584905660377358583e+00 4.398236493705070416e+00 1.125000000000000000e+00 2.435897435897435681e+00 4.666999999999999815e+00
3.437500000000000000e+00 4.197797193035777141e+00 8.333333333333332593e-01 1.937984496124031120e+00 4.400000000000000355e+00
3.928571428571428381e+00 4.566455672904053742e+00 1.909090909090909172e+00 3.031088082901554515e+00 4.799999999999999822e+00
2.692307692307692513e+00 3.862092563484487151e+00 7.142857142857141906e-01 1.605504587155963447e+00 3.799999999999999822e+00
2.500000000000000000e+00 4.033974185934462220e+00 1.296296296296296280e+00 2.500000000000000000e+00 4.799999999999999822e+00
2.844827586206896353e+00 3.604665474041053308e+00 6.122448979591836871e-01 1.686746987951807109e+00 4.000000000000000000e+00
2.978723404255319007e+00 3.879582697812865355e+00 8.108108108108108558e-01 2.515151515151515138e+00 4.599999999999999645e+00
4.109589041095890849e+00 4.657801997637786684e+00 1.272727272727272485e+00 2.741935483870967527e+00 4.599999999999999645e+00
5.000000000000000000e+00 4.775902449291841378e+00 3.666666666666666519e+00 4.660194174757281260e+00 5.000000000000000000e+00
3.281250000000000000e+00 4.176481097867833725e+00 1.063829787234042534e+00 2.022727272727272485e+00 4.750000000000000000e+00
3.707865168539326017e+00 4.492832702511162069e+00 1.439393939393939448e+00 2.883333333333333304e+00 4.799999999999999822e+00
2.537313432835821114e+00 4.098572589005674338e+00 5.555555555555555802e-01 2.453703703703703720e+00 4.750000000000000000e+00
2.727272727272727071e+00 4.251599909901525365e+00 2.941176470588235392e-01 2.051282051282051100e+00 4.833000000000000185e+00
4.313725490196078205e+00 4.366261573481891034e+00 1.351351351351351315e+00 2.797619047619047450e+00 4.799999999999999822e+00
3.148148148148148362e+00 4.315259637908211765e+00 3.260869565217391353e-01 2.363184079601990284e+00 4.599999999999999645e+00
3.157894736842105310e+00 3.762706427929148223e+00 1.346153846153846034e+00 2.341269841269841390e+00 4.714000000000000412e+00
3.064516129032258007e+00 4.583466478492378648e+00 5.769230769230769829e-01 2.283105022831049880e+00 4.599999999999999645e+00
2.631578947368421240e+00 3.213914103414259760e+00 7.692307692307692735e-01 2.191780821917808098e+00 4.200000000000000178e+00
3.974358974358974450e+00 4.600810117080714967e+00 2.142857142857142794e+00 2.905138339920948276e+00 4.799999999999999822e+00
5.128205128205127750e-01 2.264879047772497156e+00 0.000000000000000000e+00 5.813953488372093359e-01 3.600000000000000089e+00
2.619047619047619069e+00 4.118285983843142262e+00 9.375000000000000000e-01 2.384105960264900403e+00 4.599999999999999645e+00
3.939393939393939448e+00 4.392726403496985732e+00 1.590909090909090828e+00 2.500000000000000000e+00 5.000000000000000000e+00
4.285714285714285587e+00 4.658667533892539403e+00 1.818181818181818343e+00 2.723577235772357774e+00 4.599999999999999645e+00
2.727272727272727071e+00 4.008940468410146174e+00 4.285714285714286031e-01 2.142857142857142794e+00 4.599999999999999645e+00
2.653061224489795755e+00 3.337489505692652791e+00 5.000000000000000000e-01 1.141304347826086918e+00 4.599999999999999645e+00
3.804347826086956541e+00 4.276016517991124033e+00 9.859154929577463866e-01 2.761194029850746468e+00 4.200000000000000178e+00
3.387096774193548487e+00 3.729510626429080489e+00 1.111111111111111160e+00 2.647058823529411686e+00 4.599999999999999645e+00
3.392857142857142794e+00 4.229712008458944794e+00 1.071428571428571397e+00 2.707317073170731891e+00 4.200000000000000178e+00
3.333333333333333481e+00 3.606734040230061833e+00 1.351351351351351315e+00 2.065868263473053634e+00 4.200000000000000178e+00
2.500000000000000000e+00 4.725074887611530272e+00 2.089552238805969964e+00 3.656126482213438500e+00 4.250000000000000000e+00
2.888888888888888840e+00 3.991073993481721427e+00 8.571428571428572063e-01 2.014925373134328179e+00 4.500000000000000000e+00
2.600000000000000089e+00 3.822703397614555687e+00 8.974358974358974672e-01 1.792452830188679069e+00 4.000000000000000000e+00
3.770491803278688714e+00 4.249102772723794885e+00 1.333333333333333259e+00 2.971698113207547287e+00 5.000000000000000000e+00
2.956521739130434590e+00 3.621368149788501967e+00 6.770833333333332593e-01 1.784841075794620924e+00 4.200000000000000178e+00
2.727272727272727071e+00 3.977673548391542635e+00 1.351351351351351426e-01 2.028985507246376940e+00 4.599999999999999645e+00
1.515151515151515138e+00 1.732769812360755113e+00 1.785714285714285476e-01 8.843537414965986221e-01 4.000000000000000000e+00
5.147058823529412130e+00 4.844835578552054933e+00 3.611111111111111160e+00 4.601063829787234383e+00 5.000000000000000000e+00
3.333333333333333481e+00 4.042645906090283070e+00 8.620689655172414367e-01 2.030567685589519833e+00 4.500000000000000000e+00
2.222222222222222321e+00 3.278111852442703089e+00 1.315789473684210453e-01 1.580645161290322509e+00 4.500000000000000000e+00
3.296703296703296537e+00 4.320147165683312807e+00 6.849315068493150305e-01 1.736842105263157965e+00 4.250000000000000000e+00
4.090909090909090828e+00 4.376217666410383345e+00 1.666666666666666519e+00 2.882352941176470118e+00 4.750000000000000000e+00
3.958333333333333481e+00 4.061018679143355570e+00 2.333333333333333481e+00 3.291925465838509535e+00 4.250000000000000000e+00
2.750000000000000000e+00 3.454393147297294853e+00 8.064516129032257563e-01 2.039473684210526105e+00 3.750000000000000000e+00
3.225806451612903025e+00 3.675903072128980931e+00 1.000000000000000000e+00 2.565445026178010401e+00 4.000000000000000000e+00
2.926829268292682862e+00 3.881222460544097252e+00 8.730158730158730229e-01 2.066666666666666430e+00 4.500000000000000000e+00
4.133333333333333748e+00 4.474602431430401595e+00 1.442307692307692069e+00 2.730769230769230393e+00 5.000000000000000000e+00
2.391304347826086918e+00 3.840335988733822870e+00 2.500000000000000000e-01 1.596244131455399007e+00 3.600000000000000089e+00
2.972972972972972805e+00 3.407020165978643433e+00 5.000000000000000000e-01 1.305732484076433053e+00 4.400000000000000355e+00
3.636363636363636243e+00 4.508178536785733215e+00 1.777777777777777901e+00 3.367346938775510168e+00 5.000000000000000000e+00
2.666666666666666519e+00 3.746290019171772290e+00 1.060606060606060552e+00 2.193877551020408045e+00 3.000000000000000000e+00
3.593750000000000000e+00 4.363166138404236172e+00 9.223300970873786753e-01 2.739361702127659726e+00 4.000000000000000000e+00
2.083333333333333481e+00 2.648251185358275528e+00 0.000000000000000000e+00 7.936507936507936067e-01 4.200000000000000178e+00
2.376237623762376128e+00 3.612685871133423987e+00 5.747126436781608838e-01 1.724637681159420177e+00 4.200000000000000178e+00
4.062500000000000000e+00 4.594135027550500183e+00 2.368421052631578760e+00 2.462121212121211933e+00 4.570999999999999730e+00
3.725490196078431460e+00 4.371817825385750034e+00 2.187500000000000000e+00 2.861445783132530174e+00 4.599999999999999645e+00
3.272727272727272929e+00 4.270859317404568145e+00 8.139534883720931369e-01 2.696335078534031204e+00 4.200000000000000178e+00
3.200000000000000178e+00 3.210496461225742060e+00 1.176470588235294157e+00 1.875000000000000000e+00 4.599999999999999645e+00
2.238805970149253532e+00 3.199448370193093805e+00 4.385964912280701511e-01 1.606425702811244971e+00 4.799999999999999822e+00
3.396226415094339757e+00 3.861907839925400765e+00 1.805555555555555580e+00 2.583892617449664364e+00 4.599999999999999645e+00
4.146341463414634276e+00 4.468311996333122593e+00 1.851851851851851638e+00 2.806451612903225978e+00 4.799999999999999822e+00
2.972972972972972805e+00 3.749939643589593086e+00 1.400000000000000133e+00 2.398373983739837456e+00 4.799999999999999822e+00
3.855421686746987930e+00 4.555788157708911434e+00 1.551724137931034475e+00 2.500000000000000000e+00 4.400000000000000355e+00
5.000000000000000000e+00 4.858395415737727596e+00 1.000000000000000000e+00 4.027777777777777679e+00 5.000000000000000000e+00
4.385964912280702066e+00 4.763342242638028523e+00 2.727272727272727071e+00 3.958333333333333037e+00 4.599999999999999645e+00
2.600000000000000089e+00 3.841477292532373689e+00 8.974358974358974672e-01 1.760563380281690016e+00 4.000000000000000000e+00
4.000000000000000000e+00 4.478199238587809106e+00 1.464646464646464530e+00 2.693298969072164706e+00 4.200000000000000178e+00
4.102564102564102200e+00 4.584096569710689906e+00 1.764705882352941346e+00 2.576335877862595325e+00 5.000000000000000000e+00
2.531645569620253333e+00 3.813993782630343610e+00 6.060606060606060774e-01 1.706896551724137900e+00 4.500000000000000000e+00
4.000000000000000000e+00 4.354080710718969627e+00 1.612903225806451513e+00 2.844827586206896797e+00 4.599999999999999645e+00
3.870967741935483986e+00 4.196384139471826202e+00 1.304347826086956541e+00 2.971698113207547287e+00 5.000000000000000000e+00
3.333333333333333481e+00 3.168893989411048828e+00 8.823529411764706731e-01 1.861702127659574435e+00 4.250000000000000000e+00
2.173913043478260754e+00 2.509711575748734269e+00 0.000000000000000000e+00 4.545454545454545858e-01 4.000000000000000000e+00
2.857142857142857206e+00 3.382654918247370190e+00 5.000000000000000000e-01 1.295180722891566383e+00 3.250000000000000000e+00
3.855421686746987930e+00 4.490970573494729834e+00 1.637931034482758452e+00 2.561576354679803380e+00 5.000000000000000000e+00
3.750000000000000000e+00 4.650219778493168477e+00 1.086956521739130377e+00 3.373015873015873467e+00 5.000000000000000000e+00
2.340425531914893664e+00 4.101503498657683267e+00 2.439024390243902385e-01 1.333333333333333259e+00 3.600000000000000089e+00
4.347826086956521507e+00 4.578528634049792601e+00 2.000000000000000000e+00 2.937062937062937085e+00 5.000000000000000000e+00
3.055555555555555358e+00 4.307035165540411548e+00 5.172413793103448620e-01 1.976744186046511587e+00 4.500000000000000000e+00
4.571428571428571175e+00 4.715435373578094946e+00 2.045454545454545414e+00 2.969924812030075412e+00 5.000000000000000000e+00
3.399999999999999911e+00 3.869111671715898204e+00 1.571428571428571397e+00 2.534246575342465668e+00 4.750000000000000000e+00
4.090909090909090828e+00 4.538737106416589562e+00 2.500000000000000000e+00 3.166666666666666519e+00 3.200000000000000178e+00
2.040816326530612290e+00 3.624701294009956776e+00 2.380952380952380820e-01 1.365979381443298779e+00 4.000000000000000000e+00
3.829787234042553390e+00 4.621219365838853399e+00 1.515151515151515138e+00 2.707006369426751657e+00 4.599999999999999645e+00
3.414634146341463339e+00 3.860251267783916251e+00 7.812500000000000000e-01 1.737804878048780477e+00 3.799999999999999822e+00
3.260869565217391131e+00 4.197364990347808522e+00 1.000000000000000000e+00 1.864406779661016866e+00 4.200000000000000178e+00
2.826086956521739246e+00 3.586299723808855866e+00 1.212121212121212155e+00 2.017045454545454586e+00 3.799999999999999822e+00
3.636363636363636243e+00 4.543609607329476496e+00 8.823529411764706731e-01 1.958955223880597174e+00 4.000000000000000000e+00
3.731343283582089665e+00 4.205220378559988426e+00 1.931818181818181657e+00 2.727272727272727071e+00 4.599999999999999645e+00
2.500000000000000000e+00 3.650237512215209090e+00 6.428571428571427937e-01 1.603448275862068950e+00 4.400000000000000355e+00
2.500000000000000000e+00 4.039084770566142346e+00 1.060606060606060552e+00 2.081911262798634699e+00 4.599999999999999645e+00
2.916666666666666519e+00 3.429002971128112698e+00 8.823529411764706731e-01 1.990291262135922334e+00 4.400000000000000355e+00
1.333333333333333259e+00 2.976139890389692511e+00 0.000000000000000000e+00 1.057692307692307709e+00 4.400000000000000355e+00
3.653846153846153744e+00 3.819915425513933371e+00 1.486486486486486625e+00 2.134146341463414753e+00 3.250000000000000000e+00
3.333333333333333481e+00 3.675042207341930656e+00 1.136363636363636243e+00 2.594594594594594739e+00 3.750000000000000000e+00
2.500000000000000000e+00 3.760962971503560404e+00 7.142857142857141906e-01 1.656626506024096557e+00 4.250000000000000000e+00
3.207547169811320931e+00 3.715413735548716456e+00 1.282051282051281937e+00 2.192982456140350589e+00 4.250000000000000000e+00
2.600000000000000089e+00 3.944028779019612685e+00 5.625000000000000000e-01 1.614035087719298378e+00 4.200000000000000178e+00
3.461538461538461675e+00 4.434698500687347611e+00 5.952380952380952328e-01 2.628865979381443285e+00 4.799999999999999822e+00
2.857142857142857206e+00 3.252336787141961949e+00 0.000000000000000000e+00 1.438356164383561620e+00 3.399999999999999911e+00
3.913043478260869623e+00 4.449090725500012056e+00 1.470588235294117752e+00 2.883333333333333304e+00 4.599999999999999645e+00
4.406779661016948957e+00 4.678569344277505593e+00 1.891891891891892108e+00 3.583815028901733868e+00 4.599999999999999645e+00
3.488372093023255793e+00 4.436970471511100911e+00 1.500000000000000000e+00 2.425149700598802305e+00 4.799999999999999822e+00
3.396226415094339757e+00 3.830908291722882275e+00 1.621621621621621712e+00 2.354838709677419040e+00 3.799999999999999822e+00
3.157894736842105310e+00 3.762706427929148223e+00 1.346153846153846034e+00 2.187500000000000000e+00 4.599999999999999645e+00
4.250000000000000000e+00 4.490214157379798898e+00 1.666666666666666519e+00 2.660256410256410131e+00 4.799999999999999822e+00
4.000000000000000000e+00 4.554540685222248975e+00 1.833333333333333259e+00 3.639455782312925436e+00 4.200000000000000178e+00
1.911764705882353033e+00 2.998484506694917506e+00 2.459016393442622905e-01 1.611570247933884259e+00 4.000000000000000000e+00
3.396226415094339757e+00 4.333638008739681524e+00 7.142857142857141906e-01 2.473958333333333481e+00 4.000000000000000000e+00
3.823529411764706065e+00 4.341312870886359754e+00 1.521739130434782705e+00 2.556390977443609103e+00 4.750000000000000000e+00
2.352941176470588314e+00 2.381304633214263333e+00 1.724137931034482873e-01 8.598726114649680730e-01 3.500000000000000000e+00
1.794871794871794934e+00 3.727215520334992149e+00 6.896551724137931494e-01 1.333333333333333259e+00 4.400000000000000355e+00
3.207547169811320931e+00 4.312014184223485813e+00 9.756097560975609539e-01 1.925133689839572115e+00 3.799999999999999822e+00
2.941176470588235503e+00 3.153902104387753091e+00 9.090909090909091717e-01 1.753246753246753276e+00 4.000000000000000000e+00
2.631578947368421240e+00 3.841869955233655709e+00 6.666666666666666297e-01 1.388888888888888840e+00 4.599999999999999645e+00
4.117647058823528994e+00 4.452738067476007089e+00 1.521739130434782705e+00 2.425373134328358216e+00 5.000000000000000000e+00
3.000000000000000000e+00 4.103857967861048728e+00 1.923076923076923128e+00 2.339743589743589869e+00 4.599999999999999645e+00
3.906250000000000000e+00 4.596908298954222261e+00 7.692307692307692735e-01 2.432432432432432456e+00 4.400000000000000355e+00
2.894736842105263275e+00 3.894096493822266858e+00 6.666666666666666297e-01 1.468750000000000000e+00 4.799999999999999822e+00
3.793103448275862100e+00 4.242562972089571893e+00 1.750000000000000000e+00 3.004807692307692069e+00 4.599999999999999645e+00
3.440860215053763493e+00 4.322515086250128036e+00 1.197183098591549255e+00 2.949218750000000000e+00 4.799999999999999822e+00
2.539682539682539542e+00 3.065623006283536789e+00 4.629629629629629095e-01 1.718750000000000000e+00 4.000000000000000000e+00
3.835616438356164171e+00 4.667097043717520322e+00 2.040816326530612290e+00 3.347639484978540914e+00 4.400000000000000355e+00
2.244897959183673297e+00 3.774637449912944476e+00 2.380952380952380820e-01 1.458333333333333481e+00 4.799999999999999822e+00
2.500000000000000000e+00 4.063330847828473757e+00 7.857142857142856984e-01 1.816720257234726521e+00 4.400000000000000355e+00
2.222222222222222321e+00 3.553354585038092317e+00 7.407407407407406996e-01 1.548672566371681381e+00 4.799999999999999822e+00
3.200000000000000178e+00 3.920715870499973832e+00 1.176470588235294157e+00 2.142857142857142794e+00 4.200000000000000178e+00
2.500000000000000000e+00 4.709792071354454102e+00 1.901408450704225261e+00 3.666666666666666519e+00 4.599999999999999645e+00
2.698412698412698596e+00 3.499060208361356672e+00 8.771929824561403022e-02 1.113360323886639636e+00 4.799999999999999822e+00
3.439999999999999947e+00 4.381915798796021555e+00 8.173076923076922906e-01 2.139423076923076650e+00 4.400000000000000355e+00
3.239436619718309984e+00 3.969361417085693233e+00 9.821428571428570953e-01 2.325102880658436177e+00 4.200000000000000178e+00
3.333333333333333481e+00 4.301308250961918489e+00 9.259259259259258190e-01 2.398373983739837456e+00 4.799999999999999822e+00
5.000000000000000000e+00 4.635273745053015482e+00 3.250000000000000000e+00 4.213197969543147181e+00 4.799999999999999822e+00
3.809523809523809312e+00 4.262060300304485239e+00 2.083333333333333481e+00 3.478260869565217295e+00 4.799999999999999822e+00
3.617021276595744794e+00 3.854963400656309602e+00 8.108108108108108558e-01 1.842105263157894690e+00 4.200000000000000178e+00
3.333333333333333481e+00 4.213330014506687426e+00 1.250000000000000000e+00 2.610294117647058876e+00 4.599999999999999645e+00
3.076923076923077094e+00 3.856967912978844115e+00 1.153846153846153966e+00 2.167630057803468180e+00 3.600000000000000089e+00
1.750000000000000000e+00 3.762273113353657550e+00 3.125000000000000000e-01 1.150793650793650702e+00 3.600000000000000089e+00
2.500000000000000000e+00 4.419479466277873136e+00 9.523809523809523281e-01 2.238267148014440266e+00 4.400000000000000355e+00
4.313725490196078205e+00 4.540025177710066195e+00 1.351351351351351315e+00 2.743902439024390461e+00 4.599999999999999645e+00
2.244897959183673297e+00 3.620592819874511648e+00 2.380952380952380820e-01 1.390374331550802145e+00 4.599999999999999645e+00
3.750000000000000000e+00 4.458285766802742245e+00 1.630434782608695787e+00 2.905405405405405261e+00 4.799999999999999822e+00
3.768115942028985366e+00 4.414724400804491466e+00 1.565656565656565746e+00 2.743142144638404112e+00 4.799999999999999822e+00
3.939393939393939448e+00 3.793607372970480007e+00 8.000000000000000444e-01 1.793893129770992356e+00 4.400000000000000355e+00
2.500000000000000000e+00 3.998471335502460366e+00 1.400000000000000133e+00 2.482758620689655249e+00 4.599999999999999645e+00
3.529411764705882248e+00 4.393405592848682595e+00 6.617647058823529216e-01 1.500000000000000000e+00 4.400000000000000355e+00
2.500000000000000000e+00 4.203143518166512216e+00 7.142857142857141906e-01 1.666666666666666519e+00 4.000000000000000000e+00
2.962962962962962798e+00 3.003704103035214956e+00 7.500000000000000000e-01 1.515151515151515138e+00 4.799999999999999822e+00
2.500000000000000000e+00 4.031574654501950405e+00 2.857142857142856984e-01 1.487889273356401532e+00 4.400000000000000355e+00
2.500000000000000000e+00 3.445981126585551113e+00 2.631578947368420907e-01 1.424999999999999822e+00 4.400000000000000355e+00
2.166666666666666519e+00 3.872255834486353354e+00 2.884615384615384914e-01 1.463414634146341431e+00 4.400000000000000355e+00
1.935483870967741993e+00 3.056814074242788060e+00 1.785714285714285476e-01 1.348314606741572996e+00 2.000000000000000000e+00
3.373493975903614661e+00 4.054130027457416574e+00 1.000000000000000000e+00 2.444029850746268551e+00 4.400000000000000355e+00
4.545454545454545858e+00 4.800230088610849322e+00 8.333333333333332593e-01 3.500000000000000000e+00 4.799999999999999822e+00
3.783783783783783772e+00 4.578248880014731625e+00 1.603773584905660243e+00 3.016528925619834656e+00 4.799999999999999822e+00
3.306451612903225978e+00 4.433483260621096989e+00 8.415841584158416655e-01 2.401574803149606030e+00 4.400000000000000355e+00
2.857142857142857206e+00 3.898245964343819203e+00 2.173913043478260809e-01 1.906779661016948957e+00 4.000000000000000000e+00
3.783783783783783772e+00 3.596166191267998968e+00 9.821428571428570953e-01 2.267657992565055736e+00 4.000000000000000000e+00
3.333333333333333481e+00 3.150380337221552196e+00 7.500000000000000000e-01 1.470588235294117752e+00 4.200000000000000178e+00
3.520000000000000018e+00 4.360239174745826674e+00 6.730769230769230171e-01 2.605263157894736725e+00 4.250000000000000000e+00
3.906250000000000000e+00 4.443833909175466168e+00 2.250000000000000000e+00 2.936507936507936734e+00 3.799999999999999822e+00
3.478260869565217295e+00 4.320867421602535785e+00 2.777777777777777901e-01 1.927710843373493965e+00 4.400000000000000355e+00
3.617021276595744794e+00 4.450342906545028399e+00 1.357142857142856984e+00 3.110236220472440749e+00 4.400000000000000355e+00
2.985074626865671821e+00 4.290905168951286264e+00 6.250000000000000000e-01 2.431818181818182101e+00 4.599999999999999645e+00
3.200000000000000178e+00 4.261203424083535474e+00 1.176470588235294157e+00 2.500000000000000000e+00 4.799999999999999822e+00
2.656250000000000000e+00 3.695150004600526117e+00 2.678571428571428492e-01 1.250000000000000000e+00 3.799999999999999822e+00
1.538461538461538547e+00 3.858847304170306636e+00 6.666666666666666297e-01 1.038461538461538547e+00 4.000000000000000000e+00
2.295081967213114638e+00 3.531459695192263659e+00 1.851851851851851749e-01 1.533613445378151363e+00 3.399999999999999911e+00
3.548387096774193505e+00 4.284098600952383151e+00 9.782608695652174058e-01 1.985981308411215007e+00 4.400000000000000355e+00
2.500000000000000000e+00 4.219439270595358948e+00 7.894736842105263275e-01 1.871508379888268125e+00 5.000000000000000000e+00
3.823529411764706065e+00 4.471563411764492457e+00 1.818181818181818343e+00 2.114093959731543571e+00 5.000000000000000000e+00
3.125000000000000000e+00 3.362710642920162307e+00 1.000000000000000000e+00 1.418918918918918859e+00 4.200000000000000178e+00
3.103448275862068950e+00 4.273501698254571046e+00 9.523809523809523281e-01 2.616822429906541903e+00 4.599999999999999645e+00
3.174603174603174427e+00 3.614366860967250794e+00 8.333333333333332593e-01 2.329842931937172956e+00 4.200000000000000178e+00
3.750000000000000000e+00 4.019782938446334164e+00 1.190476190476190466e+00 1.857142857142857206e+00 4.400000000000000355e+00
3.214285714285714413e+00 3.942526306194638508e+00 1.250000000000000000e+00 2.714285714285713969e+00 4.400000000000000355e+00
3.333333333333333481e+00 3.199763081313002910e+00 5.000000000000000000e-01 1.168831168831168776e+00 4.400000000000000355e+00
3.428571428571428381e+00 4.390986910566429202e+00 9.615384615384615641e-01 1.708074534161490465e+00 4.599999999999999645e+00
3.200000000000000178e+00 3.991333824855227697e+00 9.322033898305084332e-01 2.300000000000000266e+00 4.400000000000000355e+00
2.804878048780487632e+00 4.083962464210922683e+00 6.818181818181817677e-01 1.916666666666666741e+00 4.400000000000000355e+00
3.142857142857142794e+00 3.630963523025872774e+00 7.407407407407406996e-01 1.750000000000000000e+00 4.599999999999999645e+00
2.916666666666666519e+00 3.942777100570525661e+00 1.296296296296296280e+00 2.438016528925619930e+00 2.799999999999999822e+00
2.500000000000000000e+00 4.069815232746021749e+00 1.346153846153846034e+00 2.398648648648648685e+00 4.599999999999999645e+00
3.684210526315789380e+00 4.341855101650567761e+00 1.481481481481481399e+00 2.862745098039215286e+00 4.799999999999999822e+00
3.039215686274509665e+00 4.194603403025300103e+00 3.488372093023255904e-01 1.627906976744186274e+00 4.250000000000000000e+00
2.916666666666666519e+00 3.966597880011095700e+00 7.894736842105263275e-01 1.907514450867051847e+00 4.799999999999999822e+00
2.413793103448275801e+00 3.651861298116585886e+00 4.081632653061224025e-01 1.801801801801801606e+00 3.600000000000000089e+00
3.866666666666666696e+00 4.460315677446827110e+00 1.509433962264150830e+00 2.821011673151750720e+00 5.000000000000000000e+00
3.265306122448979664e+00 3.502800187806200949e+00 6.250000000000000000e-01 1.896551724137931050e+00 4.400000000000000355e+00
3.214285714285714413e+00 3.465351498482849291e+00 6.521739130434782705e-01 2.270531400966183888e+00 4.400000000000000355e+00
2.463768115942028825e+00 3.480399248979322291e+00 4.310344827586207184e-01 1.563786008230452662e+00 4.200000000000000178e+00
3.278688524590164022e+00 4.253956876441820079e+00 7.000000000000000666e-01 2.580213903743315385e+00 4.599999999999999645e+00
2.500000000000000000e+00 9.304471876653480633e-02 0.000000000000000000e+00 0.000000000000000000e+00 0.000000000000000000e+00
3.000000000000000000e+00 3.910480021331511402e+00 0.000000000000000000e+00 1.058823529411764719e+00 2.399999999999999911e+00
3.799999999999999822e+00 4.346040821196673676e+00 1.250000000000000000e+00 2.621951219512195230e+00 4.400000000000000355e+00
2.500000000000000000e+00 4.100455964393074026e+00 8.333333333333332593e-01 1.975308641975308532e+00 4.200000000000000178e+00
3.103448275862068950e+00 3.604507151137090304e+00 2.083333333333333148e-01 1.709401709401709546e+00 2.799999999999999822e+00
3.666666666666666519e+00 4.205193129164740640e+00 1.086956521739130377e+00 2.952380952380952550e+00 4.799999999999999822e+00
4.029850746268656358e+00 4.477583618132316978e+00 1.774193548387096975e+00 2.981029810298103211e+00 4.799999999999999822e+00
3.207547169811320931e+00 4.282124945051476672e+00 1.447368421052631637e+00 2.298850574712643535e+00 3.399999999999999911e+00
3.823529411764706065e+00 4.147829112495411863e+00 2.000000000000000000e+00 3.181818181818181657e+00 4.599999999999999645e+00
2.258064516129032473e+00 4.075613604188261796e+00 6.250000000000000000e-01 1.266233766233766156e+00 4.000000000000000000e+00
3.750000000000000000e+00 4.550573234357248253e+00 1.666666666666666519e+00 3.385416666666666963e+00 4.400000000000000355e+00
2.500000000000000000e+00 3.696696672809376416e+00 6.849315068493150305e-01 1.672297297297297369e+00 4.400000000000000355e+00
4.024390243902439046e+00 4.647520942706082181e+00 1.909090909090909172e+00 2.675000000000000266e+00 4.599999999999999645e+00
3.750000000000000000e+00 4.602252063533462056e+00 1.700000000000000178e+00 2.848360655737705027e+00 4.000000000000000000e+00
3.571428571428571619e+00 4.433447622248764652e+00 1.111111111111111160e+00 2.488888888888888928e+00 3.399999999999999911e+00
3.750000000000000000e+00 4.584098330998502391e+00 1.363636363636363535e+00 3.613445378151260545e+00 4.200000000000000178e+00
3.750000000000000000e+00 4.675285283583060725e+00 1.875000000000000000e+00 3.187919463087248051e+00 5.000000000000000000e+00
3.225806451612903025e+00 3.572126437501663698e+00 8.510638297872340496e-01 2.409326424870466443e+00 4.400000000000000355e+00
2.500000000000000000e+00 4.079620408091600758e+00 8.441558441558441039e-01 2.266666666666666607e+00 4.200000000000000178e+00
2.063492063492063711e+00 3.614663295463927284e+00 2.777777777777777901e-01 1.479166666666666741e+00 4.200000000000000178e+00
3.333333333333333481e+00 3.371202842398057342e+00 1.250000000000000000e+00 1.984435797665369483e+00 3.799999999999999822e+00
2.500000000000000000e+00 3.308269811605990096e+00 3.030303030303030387e-01 1.568627450980392135e+00 3.600000000000000089e+00
3.392857142857142794e+00 4.220801574664011291e+00 1.410256410256410131e+00 2.473404255319148870e+00 4.400000000000000355e+00
2.500000000000000000e+00 4.500025805273589086e+00 1.594202898550724612e+00 3.080000000000000071e+00 4.599999999999999645e+00
2.318840579710145011e+00 3.708848955153110971e+00 3.278688524590164244e-01 1.350210970464134963e+00 3.200000000000000178e+00
3.750000000000000000e+00 4.040613518799554882e+00 5.999999999999999778e-01 1.932773109243697496e+00 4.400000000000000355e+00
2.083333333333333481e+00 2.611350038813266661e+00 0.000000000000000000e+00 8.400000000000000799e-01 4.599999999999999645e+00
2.465753424657534332e+00 3.821119222538053695e+00 3.906250000000000000e-01 1.410714285714285587e+00 4.799999999999999822e+00
2.909090909090909172e+00 3.997395584832277304e+00 6.666666666666666297e-01 1.502347417840375510e+00 3.799999999999999822e+00
3.809523809523809312e+00 4.338475464054966757e+00 6.666666666666666297e-01 3.040540540540540349e+00 4.799999999999999822e+00
3.658536585365853799e+00 4.396811293819500754e+00 1.166666666666666741e+00 2.482993197278911435e+00 4.599999999999999645e+00
4.081632653061224580e+00 4.707484718351877540e+00 2.758620689655172598e+00 3.571428571428571619e+00 4.799999999999999822e+00
2.876712328767123239e+00 4.238414764391641221e+00 3.906250000000000000e-01 1.653846153846153744e+00 4.200000000000000178e+00
3.000000000000000000e+00 4.115358083900667374e+00 7.407407407407406996e-01 1.740890688259109309e+00 4.400000000000000355e+00
3.692307692307692513e+00 4.373751805782796431e+00 1.951219512195121908e+00 3.033707865168539630e+00 4.799999999999999822e+00
2.692307692307692513e+00 3.774717711507644680e+00 7.894736842105263275e-01 2.061855670103092564e+00 4.599999999999999645e+00
2.142857142857142794e+00 2.819356941696817831e+00 5.555555555555555802e-01 1.627906976744186274e+00 2.500000000000000000e+00
4.375000000000000000e+00 4.564584005143357714e+00 2.500000000000000000e+00 3.095238095238095344e+00 4.799999999999999822e+00
3.255813953488372103e+00 4.052632531619815737e+00 1.315789473684210453e-01 1.978417266187050272e+00 4.400000000000000355e+00
4.852941176470587870e+00 4.856522005852118795e+00 4.354838709677419040e+00 4.602649006622517192e+00 5.000000000000000000e+00
3.030303030303030276e+00 3.886132864209794757e+00 7.843137254901960675e-01 1.844444444444444331e+00 3.799999999999999822e+00
2.600000000000000089e+00 3.793858209771769019e+00 7.500000000000000000e-01 1.409090909090908950e+00 4.400000000000000355e+00
2.702702702702702631e+00 4.144425985838533499e+00 3.846153846153846367e-01 1.722222222222222321e+00 4.400000000000000355e+00
2.476190476190476275e+00 3.594786258987597627e+00 4.301075268817204922e-01 1.761363636363636465e+00 4.400000000000000355e+00
2.264150943396226356e+00 3.662892818314206878e+00 3.260869565217391353e-01 1.147186147186147309e+00 3.399999999999999911e+00
4.594594594594594739e+00 4.802168836955440057e+00 2.272727272727272485e+00 3.771186440677966267e+00 5.000000000000000000e+00
3.333333333333333481e+00 4.019813509513601169e+00 1.612903225806451513e+00 2.795031055900620842e+00 3.799999999999999822e+00
2.857142857142857206e+00 4.183856939467346159e+00 1.666666666666666519e+00 2.317073170731707599e+00 4.599999999999999645e+00
3.142857142857142794e+00 3.887419020025654426e+00 5.357142857142856984e-01 1.538461538461538547e+00 4.599999999999999645e+00
2.264150943396226356e+00 3.787825674545846066e+00 5.813953488372093359e-01 1.548223350253806974e+00 4.799999999999999822e+00
3.673469387755102122e+00 4.265493198724695567e+00 1.617647058823529438e+00 2.530120481927710774e+00 5.000000000000000000e+00
4.285714285714285587e+00 4.269990831050961333e+00 1.428571428571428381e+00 2.425149700598802305e+00 4.200000000000000178e+00
2.500000000000000000e+00 4.266298647854251946e+00 1.029411764705882248e+00 2.291666666666666519e+00 4.400000000000000355e+00
3.813559322033898358e+00 4.410165304486905136e+00 8.762886597938144284e-01 1.995192307692307931e+00 4.200000000000000178e+00
4.390243902439024737e+00 4.525018145396712654e+00 1.607142857142857206e+00 2.972972972972973249e+00 4.799999999999999822e+00
3.815789473684210620e+00 4.367727346113532860e+00 1.481481481481481399e+00 2.814960629921259727e+00 5.000000000000000000e+00
3.584905660377358583e+00 4.200413403597683448e+00 9.756097560975609539e-01 2.160493827160493652e+00 4.799999999999999822e+00
4.727272727272727515e+00 4.929150141542482544e+00 3.793103448275862100e+00 4.596273291925465188e+00 5.000000000000000000e+00
3.846153846153846256e+00 4.142813416119051517e+00 6.451612903225806273e-01 2.798742138364779919e+00 4.799999999999999822e+00
2.500000000000000000e+00 3.583575900789175428e+00 2.857142857142856984e-01 1.773255813953488413e+00 4.000000000000000000e+00
1.538461538461538547e+00 3.682760057246310392e+00 6.666666666666666297e-01 1.270491803278688492e+00 5.000000000000000000e+00
5.000000000000000000e+00 4.999999999999999112e+00 5.000000000000000000e+00 4.565217391304347672e+00 5.000000000000000000e+00
3.739837398373983657e+00 4.436739104180325910e+00 9.499999999999999556e-01 2.383863080684596625e+00 4.400000000000000355e+00
2.352941176470588314e+00 2.362160474929693610e+00 1.724137931034482873e-01 9.415584415584415945e-01 4.599999999999999645e+00
3.116883116883117033e+00 4.070700360840178611e+00 8.333333333333332593e-01 2.023255813953488413e+00 4.400000000000000355e+00
2.051282051282051100e+00 3.278439458244042370e+00 1.515151515151515194e-01 1.437908496732025920e+00 4.599999999999999645e+00
2.890625000000000000e+00 4.133547672693321573e+00 5.714285714285713969e-01 1.939313984168865357e+00 4.200000000000000178e+00
3.571428571428571619e+00 4.550289017607685338e+00 1.470588235294117752e+00 2.839506172839505904e+00 4.000000000000000000e+00
3.888888888888888840e+00 4.265814375041285800e+00 1.956521739130434812e+00 2.500000000000000000e+00 4.599999999999999645e+00
2.500000000000000000e+00 3.059331784185685521e+00 3.571428571428570953e-01 1.305841924398625453e+00 3.600000000000000089e+00
2.211538461538461675e+00 3.750467922412230592e+00 4.945054945054944695e-01 1.723163841807909602e+00 4.400000000000000355e+00
3.125000000000000000e+00 3.862431821833682832e+00 1.000000000000000000e+00 2.028985507246376940e+00 3.600000000000000089e+00
3.518518518518518601e+00 4.176199608987533729e+00 9.523809523809523281e-01 2.331288343558282072e+00 4.799999999999999822e+00
2.500000000000000000e+00 4.033164875189846121e+00 0.000000000000000000e+00 2.361111111111111160e+00 4.400000000000000355e+00
3.492063492063492092e+00 3.817390769664323891e+00 4.716981132075471761e-01 1.688888888888888884e+00 4.599999999999999645e+00
4.375000000000000000e+00 4.815020727999026917e+00 2.500000000000000000e+00 4.166666666666666963e+00 5.000000000000000000e+00
3.414634146341463339e+00 4.524731010699650113e+00 9.677419354838709964e-01 2.664473684210526550e+00 4.799999999999999822e+00
4.285714285714285587e+00 4.547390599804781885e+00 2.045454545454545414e+00 2.593984962406015171e+00 4.599999999999999645e+00
1.818181818181818121e+00 3.510536793285813140e+00 1.315789473684210453e-01 1.849315068493150527e+00 4.599999999999999645e+00
2.448979591836734748e+00 4.113205448450746538e+00 1.081081081081081141e+00 1.847826086956521507e+00 4.400000000000000355e+00
2.592592592592592560e+00 3.754826572490901349e+00 3.260869565217391353e-01 1.323529411764705843e+00 4.799999999999999822e+00
3.958333333333333481e+00 4.668137782151378978e+00 2.096774193548387011e+00 3.243243243243243423e+00 4.799999999999999822e+00
3.518518518518518601e+00 4.416260838118262200e+00 1.125000000000000000e+00 2.592592592592592560e+00 4.799999999999999822e+00
3.953488372093023173e+00 4.292048989742342613e+00 1.964285714285714191e+00 2.965517241379310054e+00 4.200000000000000178e+00
5.000000000000000000e+00 3.438148721287309861e+00 0.000000000000000000e+00 2.272727272727272485e+00 4.400000000000000355e+00
3.589743589743589869e+00 4.356835805723411781e+00 1.034482758620689724e+00 2.629629629629629761e+00 4.599999999999999645e+00
3.399999999999999911e+00 3.905206740783230046e+00 1.388888888888888840e+00 2.142857142857142794e+00 4.200000000000000178e+00
4.022988505747126631e+00 4.461952265505459536e+00 1.250000000000000000e+00 2.575187969924812137e+00 4.400000000000000355e+00
2.254901960784313708e+00 3.654303143823435462e+00 5.681818181818181213e-01 1.637931034482758452e+00 4.200000000000000178e+00
4.054054054054054390e+00 4.544337887614559257e+00 2.857142857142856762e+00 2.990196078431372584e+00 5.000000000000000000e+00
4.666666666666666963e+00 4.927372521046148535e+00 2.857142857142856762e+00 4.687500000000000000e+00 5.000000000000000000e+00
2.500000000000000000e+00 4.079169435424231160e+00 6.578947368421051989e-01 1.686390532544378651e+00 3.200000000000000178e+00
4.761904761904761862e+00 4.626373568838975991e+00 2.307692307692307931e+00 3.040540540540540349e+00 5.000000000000000000e+00
2.068965517241379448e+00 4.075851780086554577e+00 2.083333333333333148e-01 1.511627906976744207e+00 3.399999999999999911e+00
3.372093023255814170e+00 4.047190948497068064e+00 1.307692307692307709e+00 2.392086330935252025e+00 5.000000000000000000e+00
3.516483516483516425e+00 4.448397366479460047e+00 1.231884057971014634e+00 2.751937984496124034e+00 5.000000000000000000e+00
3.555555555555555358e+00 4.133332907355958596e+00 9.859154929577463866e-01 2.332155477031801816e+00 5.000000000000000000e+00
9.756097560975609539e-01 3.693403722082506668e+00 2.941176470588235392e-01 7.446808510638297518e-01 4.200000000000000178e+00
2.391304347826086918e+00 3.839574905473913446e+00 1.029411764705882248e+00 1.460674157303370801e+00 3.799999999999999822e+00
4.021739130434782261e+00 4.430201185577010925e+00 1.363636363636363535e+00 2.563636363636363491e+00 4.599999999999999645e+00
3.333333333333333481e+00 3.881092206306352210e+00 1.333333333333333259e+00 2.096774193548387011e+00 3.200000000000000178e+00
4.545454545454545858e+00 4.436507401256620575e+00 1.000000000000000000e+00 2.794117647058823373e+00 3.399999999999999911e+00
2.250000000000000000e+00 3.525226249951134427e+00 1.470588235294117696e-01 1.347305389221556959e+00 4.000000000000000000e+00
2.500000000000000000e+00 4.362818464359064841e+00 1.081081081081081141e+00 2.515337423312883125e+00 5.000000000000000000e+00
3.373493975903614661e+00 4.093395288627449169e+00 1.000000000000000000e+00 2.481343283582089665e+00 3.799999999999999822e+00
3.906250000000000000e+00 4.542034892397681212e+00 2.073170731707317138e+00 3.097826086956521507e+00 4.400000000000000355e+00
2.456140350877193068e+00 3.562759629305420450e+00 1.046511627906976827e+00 2.005076142131979822e+00 4.400000000000000355e+00
3.333333333333333481e+00 3.866025562073624577e+00 5.555555555555555802e-01 1.868131868131868156e+00 4.599999999999999645e+00
3.787878787878788067e+00 4.336931256765115705e+00 1.363636363636363535e+00 2.633587786259541819e+00 4.400000000000000355e+00
2.500000000000000000e+00 4.729553126000988428e+00 1.760563380281690016e+00 3.616600790513833985e+00 4.799999999999999822e+00
2.127659574468085069e+00 3.862942347162716672e+00 8.333333333333332593e-01 1.392045454545454364e+00 4.200000000000000178e+00
3.571428571428571619e+00 4.481054767945765960e+00 1.785714285714285809e+00 2.515337423312883125e+00 4.599999999999999645e+00
4.130434782608695343e+00 4.529159260979103152e+00 1.562500000000000000e+00 2.611111111111111160e+00 5.000000000000000000e+00
4.029850746268656358e+00 4.196301129531093466e+00 2.093023255813953654e+00 2.944162436548223294e+00 4.400000000000000355e+00
3.404255319148936199e+00 4.053352823971075658e+00 1.515151515151515138e+00 2.865497076023391543e+00 4.200000000000000178e+00
3.582089552238806096e+00 4.489214873896865576e+00 1.931818181818181657e+00 2.850241545893719586e+00 4.400000000000000355e+00
2.000000000000000000e+00 3.104245088663393659e+00 0.000000000000000000e+00 1.467889908256880815e+00 3.000000000000000000e+00
3.333333333333333481e+00 3.702418462350700601e+00 6.451612903225806273e-01 2.707006369426751657e+00 4.799999999999999822e+00
2.500000000000000000e+00 3.721027004253856241e+00 5.633802816901408717e-01 1.678200692041522446e+00 4.200000000000000178e+00
5.000000000000000000e+00 4.704316397887383872e+00 3.250000000000000000e+00 3.970588235294117307e+00 4.400000000000000355e+00
4.000000000000000000e+00 4.453000826983106286e+00 2.195121951219512368e+00 2.777777777777777679e+00 4.200000000000000178e+00
3.636363636363636243e+00 4.156314078999475470e+00 1.666666666666666519e+00 2.616822429906541903e+00 4.799999999999999822e+00
2.500000000000000000e+00 4.368628101278506648e+00 1.000000000000000000e+00 2.463235294117647189e+00 4.599999999999999645e+00
3.720930232558139483e+00 4.490408614442507940e+00 8.653846153846154188e-01 2.687338501291989701e+00 4.400000000000000355e+00
2.222222222222222321e+00 3.436240810360990938e+00 3.448275862068965747e-01 1.422764227642276502e+00 4.599999999999999645e+00
2.708333333333333481e+00 3.426308749007093368e+00 5.128205128205127750e-01 1.079545454545454586e+00 3.799999999999999822e+00
3.103448275862068950e+00 2.991142898874597833e+00 9.523809523809523281e-01 1.538461538461538547e+00 4.599999999999999645e+00
2.500000000000000000e+00 4.720414495342916794e+00 2.101449275362318847e+00 3.734939759036144391e+00 4.799999999999999822e+00
2.941176470588235503e+00 3.653088745500024270e+00 8.750000000000000000e-01 2.574850299401197251e+00 4.799999999999999822e+00
3.500000000000000000e+00 4.055861881854311513e+00 1.309523809523809534e+00 2.714285714285713969e+00 3.799999999999999822e+00
2.769230769230769162e+00 3.847637395362035750e+00 7.142857142857141906e-01 2.121951219512195230e+00 4.200000000000000178e+00
2.962962962962962798e+00 2.984795276900991112e+00 7.500000000000000000e-01 1.376146788990825875e+00 4.400000000000000355e+00
1.980198019801980180e+00 3.420306883882911819e+00 4.545454545454545858e-01 1.560693641618497107e+00 4.400000000000000355e+00
2.950819672131147708e+00 4.443376877225929888e+00 5.238095238095238360e-01 2.271540469973890364e+00 4.599999999999999645e+00
2.500000000000000000e+00 3.788838768014088920e+00 1.162790697674418589e-01 1.456043956043956200e+00 4.599999999999999645e+00
2.500000000000000000e+00 3.628886849899678246e+00 3.658536585365853577e-01 1.613756613756613723e+00 4.599999999999999645e+00
2.592592592592592560e+00 3.092638643858900416e+00 2.272727272727272929e-01 1.077586206896551602e+00 4.400000000000000355e+00
3.846153846153846256e+00 4.588879518205842167e+00 2.121212121212121104e+00 3.036809815950920477e+00 4.599999999999999645e+00
2.343750000000000000e+00 2.876310599789345446e+00 2.631578947368420907e-01 1.346938775510204245e+00 4.400000000000000355e+00
4.444444444444444642e+00 4.803068187616998941e+00 3.333333333333333037e+00 3.863636363636363313e+00 4.599999999999999645e+00
2.600000000000000089e+00 3.836504659781180493e+00 7.500000000000000000e-01 1.685082872928176823e+00 4.400000000000000355e+00
4.583333333333333037e+00 4.878897027935056308e+00 3.333333333333333037e+00 4.210526315789473450e+00 5.000000000000000000e+00
3.548387096774193505e+00 3.938625408050553833e+00 8.000000000000000444e-01 2.522727272727272485e+00 4.599999999999999645e+00
3.283582089552238958e+00 4.237027699625937949e+00 1.250000000000000000e+00 2.139639639639639768e+00 4.599999999999999645e+00
2.500000000000000000e+00 4.033974185934462220e+00 1.799999999999999822e+00 2.619047619047619069e+00 5.000000000000000000e+00
4.444444444444444642e+00 4.674495723120612567e+00 1.666666666666666519e+00 2.947761194029850706e+00 4.799999999999999822e+00
2.500000000000000000e+00 3.892512552716389518e+00 8.552631578947368363e-01 2.077922077922078170e+00 5.000000000000000000e+00
4.375000000000000000e+00 4.634562356969058605e+00 3.235294117647058876e+00 3.952380952380952106e+00 5.000000000000000000e+00
3.243243243243243423e+00 4.036180162136266958e+00 8.928571428571429047e-01 2.286821705426356655e+00 4.200000000000000178e+00
4.242424242424242209e+00 4.312679761779162568e+00 1.041666666666666741e+00 2.095588235294117752e+00 4.400000000000000355e+00
2.500000000000000000e+00 4.208747954341213848e+00 4.761904761904761640e-01 1.565934065934065922e+00 4.000000000000000000e+00
3.500000000000000000e+00 4.223999717898134776e+00 1.000000000000000000e+00 2.060810810810810967e+00 4.799999999999999822e+00
2.500000000000000000e+00 3.508338587095433780e+00 1.875000000000000000e+00 2.326388888888888840e+00 3.600000000000000089e+00
3.555555555555555358e+00 4.021729350362083011e+00 2.068965517241379448e+00 2.955974842767295385e+00 3.750000000000000000e+00
3.243243243243243423e+00 3.685264382472924538e+00 1.400000000000000133e+00 2.398373983739837456e+00 4.750000000000000000e+00
3.294117647058823373e+00 3.955502283722665879e+00 6.338028169014084945e-01 2.071428571428571619e+00 3.500000000000000000e+00
3.157894736842105310e+00 4.610729967729666257e+00 6.666666666666666297e-01 2.517006802721088565e+00 4.500000000000000000e+00
2.926829268292682862e+00 3.370049122039660006e+00 7.812500000000000000e-01 1.342281879194630934e+00 3.000000000000000000e+00
3.333333333333333481e+00 4.136570769180126561e+00 1.078431372549019773e+00 2.463768115942029269e+00 3.799999999999999822e+00
2.500000000000000000e+00 4.238877532776186285e-03 0.000000000000000000e+00 0.000000000000000000e+00 0.000000000000000000e+00
4.545454545454545858e+00 4.815922824243355826e+00 3.750000000000000000e+00 4.285714285714285587e+00 4.799999999999999822e+00
3.030303030303030276e+00 3.774860358038470309e+00 8.000000000000000444e-01 1.605504587155963447e+00 4.799999999999999822e+00
3.164556962025316444e+00 4.096355875812821346e+00 8.064516129032257563e-01 1.782608695652173836e+00 4.200000000000000178e+00
1.750000000000000000e+00 3.867880976020093620e+00 6.666666666666666297e-01 1.322314049586776896e+00 4.599999999999999645e+00
3.548387096774193505e+00 4.596475794901079936e+00 8.695652173913043237e-01 3.559322033898304927e+00 5.000000000000000000e+00
3.571428571428571619e+00 4.510779399480827401e+00 8.928571428571429047e-01 1.991341991341991413e+00 4.799999999999999822e+00
3.750000000000000000e+00 4.303861180408063092e+00 1.176470588235294157e+00 2.528089887640449618e+00 5.000000000000000000e+00
2.765957446808510856e+00 4.277145261320133507e+00 6.578947368421051989e-01 1.783625730994151892e+00 3.799999999999999822e+00
4.375000000000000000e+00 4.617759274128204972e+00 2.368421052631578760e+00 3.391304347826086918e+00 4.799999999999999822e+00
7.000000000000000000e+00 4.999999999999999112e+00 5.000000000000000000e+00 5.000000000000000000e+00 5.000000000000000000e+00
3.728813559322033733e+00 4.376562533709334346e+00 2.361111111111111160e+00 2.988505747126437129e+00 3.799999999999999822e+00
3.333333333333333481e+00 3.353381591948807472e+00 8.333333333333332593e-01 1.402439024390244038e+00 4.599999999999999645e+00
4.130434782608695343e+00 4.529159260979103152e+00 1.562500000000000000e+00 3.058823529411764941e+00 4.599999999999999645e+00
5.000000000000000000e+00 4.999999999999999112e+00 5.000000000000000000e+00 5.000000000000000000e+00 5.000000000000000000e+00
3.958333333333333481e+00 4.697566152157659047e+00 2.586206896551724199e+00 3.482758620689654805e+00 4.400000000000000355e+00
3.750000000000000000e+00 3.747063053777498709e+00 1.666666666666666519e+00 2.210884353741496611e+00 4.799999999999999822e+00
4.175824175824176088e+00 4.447029203419925913e+00 1.384615384615384581e+00 2.536496350364963348e+00 4.400000000000000355e+00
3.333333333333333481e+00 3.756759261485533852e+00 8.000000000000000444e-01 2.022900763358778775e+00 4.200000000000000178e+00
3.255813953488372103e+00 4.011634237361134225e+00 1.315789473684210453e-01 1.724137931034482873e+00 4.200000000000000178e+00
4.827586206896551602e+00 4.704939455256162972e+00 4.615384615384615863e+00 4.500000000000000000e+00 5.000000000000000000e+00
1.562500000000000000e+00 3.241651155510653304e+00 3.846153846153846367e-01 8.333333333333332593e-01 4.599999999999999645e+00
3.200000000000000178e+00 3.134927939877512060e+00 1.176470588235294157e+00 1.914893617021276473e+00 4.200000000000000178e+00
2.631578947368421240e+00 3.967874295479981939e+00 3.731343283582089221e-01 1.756756756756756799e+00 3.799999999999999822e+00
5.000000000000000000e+00 4.999999999999999112e+00 5.000000000000000000e+00 4.871794871794871362e+00 5.000000000000000000e+00
2.948717948717948900e+00 3.750725021235524093e+00 7.812500000000000000e-01 1.706081081081081141e+00 4.599999999999999645e+00
1.860465116279069742e+00 3.004782587447338837e+00 4.166666666666666297e-01 1.488095238095238138e+00 3.600000000000000089e+00
3.399999999999999911e+00 4.396690755874460343e+00 4.878048780487804770e-01 2.702702702702702631e+00 4.799999999999999822e+00
3.140495867768595240e+00 4.409954796008308087e+00 9.278350515463917869e-01 2.257217847769029007e+00 5.000000000000000000e+00
3.636363636363636243e+00 4.343408314833859585e+00 1.428571428571428381e+00 2.974683544303797333e+00 5.000000000000000000e+00
3.030303030303030276e+00 3.683151709869877166e+00 1.304347826086956541e+00 2.020202020202020332e+00 5.000000000000000000e+00
3.055555555555555358e+00 4.242816277990569596e+00 3.333333333333333148e-01 1.418439716312056786e+00 4.799999999999999822e+00
5.000000000000000000e+00 5.000000000000001776e+00 5.000000000000000000e+00 5.000000000000000000e+00 5.000000000000000000e+00
3.333333333333333481e+00 4.140814913265927544e+00 1.315789473684210398e+00 2.764705882352941124e+00 4.799999999999999822e+00
1.111111111111111160e+00 2.611171182769366883e+00 0.000000000000000000e+00 1.250000000000000000e+00 8.000000000000000444e-01
