5.000000000000000000e+00 4.793228056824945682e+00 5.000000000000000000e+00 3.599999999999999645e+00 5.000000000000000000e+00
4.000000000000000000e+00 4.926995831841382234e+00 1.111111111111111160e+00 3.648648648648648685e+00 5.000000000000000000e+00
3.333333333333333481e+00 2.792652325546232994e+00 5.000000000000000000e+00 2.619047619047619069e+00 2.999999999999999889e-01
4.000000000000000000e+00 4.155200995668123731e+00 1.875000000000000000e+00 3.111111111111111160e+00 5.999999999999999778e-01
4.000000000000000000e+00 4.432202018683267575e+00 1.000000000000000000e+00 3.000000000000000000e+00 4.200000000000000178e+00
3.750000000000000000e+00 3.740944002927195644e+00 1.666666666666666519e+00 3.166666666666666519e+00 3.600000000000000089e+00
3.750000000000000000e+00 4.379986139169147918e+00 1.666666666666666519e+00 3.064516129032258007e+00 5.000000000000000000e+00
3.333333333333333481e+00 4.028208513402003810e+00 1.250000000000000000e+00 2.812500000000000000e+00 2.750000000000000000e+00
4.545454545454545858e+00 4.431404214059037727e+00 8.333333333333332593e-01 3.333333333333333037e+00 5.000000000000000000e+00
3.636363636363636243e+00 4.462712192514221243e+00 2.000000000000000000e+00 2.916666666666666963e+00 3.750000000000000000e+00
4.285714285714285587e+00 4.702498699595055953e+00 2.500000000000000000e+00 3.823529411764705621e+00 5.000000000000000000e+00
2.500000000000000000e+00 3.445417629965333184e+00 1.666666666666666519e+00 2.580645161290322509e+00 1.250000000000000000e+00
4.166666666666666963e+00 4.821392313482384395e+00 1.666666666666666519e+00 3.088235294117647189e+00 5.000000000000000000e+00
3.333333333333333481e+00 3.351954837653905450e+00 0.000000000000000000e+00 2.500000000000000000e+00 4.250000000000000000e+00
4.000000000000000000e+00 4.454979067576678275e+00 2.500000000000000000e+00 3.088235294117647189e+00 3.399999999999999911e+00
3.333333333333333481e+00 4.359342157362242176e+00 1.666666666666666519e+00 3.387096774193548043e+00 1.600000000000000089e+00
4.444444444444444642e+00 4.872385638188017509e+00 3.333333333333333037e+00 3.518518518518518601e+00 5.000000000000000000e+00
5.000000000000000000e+00 4.889583283342370024e+00 1.666666666666666519e+00 3.214285714285714413e+00 3.600000000000000089e+00
4.444444444444444642e+00 4.872385638188017509e+00 3.333333333333333037e+00 3.518518518518518601e+00 5.000000000000000000e+00
3.750000000000000000e+00 4.090311474582480677e+00 1.666666666666666519e+00 2.931034482758620552e+00 2.600000000000000089e+00
4.166666666666666963e+00 4.518603356931460979e+00 1.666666666666666519e+00 3.260869565217391575e+00 5.000000000000000000e+00
5.000000000000000000e+00 4.160519681400629111e+00 1.666666666666666519e+00 2.291666666666666519e+00 3.200000000000000178e+00
4.444444444444444642e+00 3.688597237675689477e+00 3.333333333333333037e+00 3.055555555555555802e+00 4.799999999999999822e+00
4.545454545454545858e+00 4.721787493485979148e+00 2.000000000000000000e+00 3.484848484848485306e+00 5.000000000000000000e+00
4.545454545454545858e+00 4.827972849799783361e+00 8.333333333333332593e-01 2.878787878787878896e+00 5.000000000000000000e+00
4.000000000000000000e+00 3.961391057713980146e+00 5.000000000000000000e+00 3.166666666666666519e+00 2.200000000000000178e+00
4.615384615384614975e+00 4.540431352597222414e+00 6.250000000000000000e-01 3.020833333333333037e+00 5.000000000000000000e+00
4.444444444444444642e+00 4.535208877577646902e+00 1.250000000000000000e+00 3.103448275862068950e+00 4.250000000000000000e+00
4.444444444444444642e+00 4.908550418304034046e+00 0.000000000000000000e+00 2.833333333333333037e+00 5.000000000000000000e+00
2.000000000000000000e+00 3.225513202167649585e+00 0.000000000000000000e+00 2.258064516129032029e+00 2.500000000000000000e+00
3.750000000000000000e+00 4.303254657062721478e+00 1.666666666666666519e+00 3.103448275862068950e+00 2.799999999999999822e+00
4.000000000000000000e+00 4.179345148085750417e+00 2.500000000000000000e+00 3.035714285714285587e+00 2.799999999999999822e+00
3.750000000000000000e+00 4.371035895520789971e+00 5.000000000000000000e+00 3.103448275862068950e+00 2.799999999999999822e+00
3.750000000000000000e+00 4.303254657062721478e+00 1.666666666666666519e+00 3.103448275862068950e+00 2.799999999999999822e+00
4.444444444444444642e+00 4.265867655608449382e+00 0.000000000000000000e+00 2.941176470588235503e+00 5.000000000000000000e+00
4.285714285714285587e+00 4.505747385068394451e+00 3.333333333333333037e+00 3.888888888888888840e+00 4.799999999999999822e+00
3.333333333333333481e+00 3.715496040222759255e+00 1.666666666666666519e+00 2.500000000000000000e+00 2.399999999999999911e+00
4.000000000000000000e+00 4.005440461424933041e+00 5.000000000000000000e-01 2.586206896551724199e+00 4.200000000000000178e+00
4.285714285714285587e+00 4.866879447691136562e+00 0.000000000000000000e+00 2.758620689655172598e+00 5.000000000000000000e+00
4.444444444444444642e+00 4.888325826925216333e+00 0.000000000000000000e+00 2.758620689655172598e+00 5.000000000000000000e+00
4.285714285714285587e+00 4.207916833572130422e+00 0.000000000000000000e+00 2.758620689655172598e+00 5.000000000000000000e+00
1.250000000000000000e+00 2.771992931528719062e+00 0.000000000000000000e+00 2.258064516129032029e+00 3.750000000000000000e+00
5.000000000000000000e+00 4.546024237045295457e+00 1.666666666666666519e+00 3.148148148148148362e+00 3.799999999999999822e+00
3.750000000000000000e+00 3.960605076428063587e+00 5.000000000000000000e+00 3.035714285714285587e+00 2.000000000000000000e+00
3.750000000000000000e+00 3.960605076428063587e+00 5.000000000000000000e+00 3.035714285714285587e+00 2.000000000000000000e+00
3.750000000000000000e+00 3.960605076428063587e+00 5.000000000000000000e+00 3.035714285714285587e+00 1.582999999999999963e+00
3.750000000000000000e+00 4.211948427867231004e+00 5.000000000000000000e+00 3.035714285714285587e+00 1.778000000000000025e+00
3.750000000000000000e+00 4.211948427867231004e+00 5.000000000000000000e+00 3.035714285714285587e+00 2.000000000000000000e+00
3.750000000000000000e+00 3.960605076428063587e+00 5.000000000000000000e+00 3.035714285714285587e+00 2.000000000000000000e+00
3.750000000000000000e+00 3.960605076428063587e+00 5.000000000000000000e+00 3.035714285714285587e+00 2.000000000000000000e+00
4.545454545454545858e+00 4.682511423544659657e+00 2.000000000000000000e+00 3.333333333333333037e+00 3.200000000000000178e+00
3.750000000000000000e+00 4.397630187217690612e+00 1.666666666666666519e+00 3.125000000000000000e+00 3.799999999999999822e+00
4.166666666666666963e+00 4.176437239353449904e+00 3.000000000000000000e+00 3.461538461538461675e+00 4.400000000000000355e+00
4.375000000000000000e+00 4.678888413147974212e+00 3.571428571428571619e+00 3.854166666666666963e+00 5.000000000000000000e+00
4.166666666666666963e+00 4.726937800685607982e+00 3.000000000000000000e+00 3.166666666666666519e+00 5.000000000000000000e+00
5.000000000000000000e+00 4.553168349984943575e+00 0.000000000000000000e+00 2.962962962962962798e+00 3.500000000000000000e+00
5.000000000000000000e+00 4.721180130316929180e+00 1.666666666666666519e+00 2.678571428571428381e+00 4.000000000000000000e+00
5.000000000000000000e+00 4.706978464968376130e+00 1.666666666666666519e+00 2.962962962962962798e+00 3.500000000000000000e+00
5.000000000000000000e+00 4.697357286141423671e+00 0.000000000000000000e+00 2.200000000000000178e+00 4.400000000000000355e+00
3.750000000000000000e+00 4.052342087715923746e+00 5.000000000000000000e+00 3.181818181818181657e+00 3.799999999999999822e+00
3.750000000000000000e+00 4.321286805643329565e+00 5.000000000000000000e+00 2.812500000000000000e+00 2.600000000000000089e+00
5.000000000000000000e+00 3.769629587763096090e+00 5.000000000000000000e+00 1.904761904761904656e+00 3.000000000000000000e+00
4.000000000000000000e+00 3.896851131431442017e+00 0.000000000000000000e+00 2.432432432432432456e+00 5.000000000000000000e+00
4.000000000000000000e+00 4.564657612652255558e+00 2.500000000000000000e+00 3.392857142857143238e+00 5.000000000000000000e+00
3.333333333333333481e+00 4.025626098611118309e+00 3.333333333333333037e+00 2.580645161290322509e+00 3.666999999999999815e+00
1.250000000000000000e+00 3.188428130339933109e+00 0.000000000000000000e+00 2.272727272727272485e+00 2.333000000000000185e+00
3.750000000000000000e+00 4.098843408724905935e+00 5.000000000000000000e+00 2.741935483870967527e+00 2.500000000000000000e+00
4.285714285714285587e+00 4.888659876263527160e+00 0.000000000000000000e+00 2.592592592592592560e+00 5.000000000000000000e+00
4.285714285714285587e+00 4.332995495290909105e+00 2.500000000000000000e+00 3.500000000000000000e+00 3.823999999999999844e+00
4.166666666666666963e+00 4.413776116453646203e+00 3.000000000000000000e+00 3.648648648648648685e+00 4.000000000000000000e+00
4.166666666666666963e+00 3.889285832697094492e+00 1.666666666666666519e+00 2.894736842105263275e+00 4.400000000000000355e+00
3.333333333333333481e+00 2.022447838688025801e+00 5.000000000000000000e+00 2.105263157894736725e+00 2.000000000000000111e-01
4.000000000000000000e+00 4.571216144318567487e+00 2.500000000000000000e+00 3.333333333333333037e+00 5.000000000000000000e+00
4.444444444444444642e+00 4.266599486416929210e+00 0.000000000000000000e+00 2.666666666666666519e+00 5.000000000000000000e+00
2.500000000000000000e+00 2.277255906806704644e+00 1.666666666666666519e+00 2.419354838709677491e+00 4.000000000000000000e+00
2.500000000000000000e+00 3.475131701275365970e+00 1.666666666666666519e+00 2.419354838709677491e+00 1.600000000000000089e+00
4.444444444444444642e+00 4.555887404211570235e+00 3.333333333333333037e+00 3.225806451612903025e+00 5.000000000000000000e+00
4.444444444444444642e+00 4.732459173183612755e+00 3.333333333333333037e+00 2.968750000000000000e+00 4.599999999999999645e+00
4.000000000000000000e+00 4.549959903576034748e+00 2.500000000000000000e+00 3.225806451612903025e+00 5.000000000000000000e+00
4.000000000000000000e+00 4.190393478351694512e+00 5.000000000000000000e+00 2.727272727272727071e+00 2.375000000000000000e+00
2.857142857142857206e+00 3.695522957395087627e+00 0.000000000000000000e+00 3.000000000000000000e+00 2.600000000000000089e+00
2.857142857142857206e+00 3.199817823163987995e+00 0.000000000000000000e+00 3.421052631578947345e+00 2.600000000000000089e+00
4.285714285714285587e+00 4.770858544921353861e+00 1.250000000000000000e+00 2.750000000000000000e+00 2.600000000000000089e+00
3.750000000000000000e+00 4.568958459543698503e+00 1.666666666666666519e+00 2.586206896551724199e+00 2.200000000000000178e+00
2.857142857142857206e+00 3.361776420506292773e+00 2.142857142857142794e+00 2.500000000000000000e+00 1.699999999999999956e+00
4.375000000000000000e+00 4.721078189675451675e+00 1.666666666666666519e+00 3.369565217391304213e+00 3.399999999999999911e+00
2.727272727272727071e+00 4.038224875502207212e+00 8.333333333333332593e-01 3.000000000000000000e+00 2.000000000000000000e+00
4.285714285714285587e+00 4.565625797652453244e+00 0.000000000000000000e+00 2.399999999999999911e+00 4.000000000000000000e+00
3.333333333333333481e+00 4.037585367613558240e+00 1.250000000000000000e+00 2.272727272727272485e+00 3.250000000000000000e+00
3.750000000000000000e+00 4.157812518217042452e+00 1.666666666666666519e+00 2.500000000000000000e+00 4.500000000000000000e+00
5.000000000000000000e+00 4.738222214749139738e+00 1.666666666666666519e+00 2.903225806451612989e+00 2.600000000000000089e+00
4.000000000000000000e+00 3.497640550667507675e+00 0.000000000000000000e+00 2.343750000000000000e+00 2.000000000000000000e+00
3.333333333333333481e+00 4.374831458298993780e+00 1.250000000000000000e+00 2.903225806451612989e+00 1.800000000000000044e+00
4.000000000000000000e+00 3.964089025498930496e+00 5.000000000000000000e+00 3.166666666666666519e+00 1.556000000000000050e+00
4.615384615384614975e+00 4.751153076563356947e+00 2.500000000000000000e+00 2.820512820512820262e+00 4.500000000000000000e+00
4.666666666666666963e+00 3.912543922182686096e+00 1.875000000000000000e+00 3.139534883720930480e+00 4.000000000000000000e+00
3.333333333333333481e+00 3.902119461052335758e+00 3.333333333333333037e+00 3.125000000000000000e+00 4.500000000000000000e+00
4.444444444444444642e+00 3.923460182220103398e+00 0.000000000000000000e+00 2.407407407407407440e+00 5.000000000000000000e+00
4.000000000000000000e+00 4.483813939397814252e+00 1.875000000000000000e+00 3.000000000000000000e+00 4.200000000000000178e+00
3.333333333333333481e+00 3.974511146942772299e+00 7.142857142857141906e-01 2.264150943396226356e+00 1.600000000000000089e+00
1.000000000000000000e+00 3.526676708836249396e+00 0.000000000000000000e+00 3.030303030303030276e+00 5.000000000000000000e-01
2.857142857142857206e+00 2.722770074393891626e+00 2.500000000000000000e+00 2.500000000000000000e+00 1.399999999999999911e+00
3.333333333333333481e+00 2.815257393433681088e+00 1.666666666666666519e+00 2.395833333333333481e+00 1.600000000000000089e+00
4.000000000000000000e+00 4.336582385504478054e+00 2.500000000000000000e+00 3.055555555555555802e+00 4.400000000000000355e+00
2.500000000000000000e+00 3.033044248901976658e+00 1.666666666666666519e+00 2.343750000000000000e+00 1.800000000000000044e+00
3.333333333333333481e+00 3.665654965021051481e+00 3.333333333333333037e+00 2.833333333333333037e+00 2.200000000000000178e+00
3.750000000000000000e+00 4.239190058474226142e+00 5.000000000000000000e+00 3.103448275862068950e+00 2.600000000000000089e+00
3.750000000000000000e+00 4.275841067094786396e+00 5.000000000000000000e+00 2.833333333333333037e+00 2.399999999999999911e+00
3.333333333333333481e+00 2.588630376347303752e+00 1.250000000000000000e+00 2.121212121212121104e+00 1.600000000000000089e+00
3.333333333333333481e+00 3.591823826428453437e+00 0.000000000000000000e+00 2.608695652173913082e+00 3.000000000000000000e+00
3.750000000000000000e+00 4.257189950563898151e+00 5.000000000000000000e+00 2.647058823529411686e+00 2.000000000000000000e+00
3.571428571428571619e+00 4.407565626722339758e+00 3.333333333333333037e+00 2.500000000000000000e+00 2.000000000000000000e+00
4.166666666666666963e+00 3.483652015699977955e+00 0.000000000000000000e+00 2.391304347826086918e+00 3.799999999999999822e+00
4.285714285714285587e+00 4.040723837098683546e+00 3.333333333333333037e+00 2.790697674418604723e+00 4.000000000000000000e+00
1.666666666666666741e+00 3.680011202283019145e+00 0.000000000000000000e+00 2.125000000000000000e+00 3.000000000000000000e+00
4.000000000000000000e+00 4.335917239071359397e+00 1.000000000000000000e+00 2.758620689655172598e+00 4.400000000000000355e+00
4.000000000000000000e+00 4.652888463496357652e+00 0.000000000000000000e+00 2.750000000000000000e+00 4.799999999999999822e+00
3.333333333333333481e+00 4.616642233800497763e+00 0.000000000000000000e+00 2.031250000000000000e+00 4.799999999999999822e+00
4.000000000000000000e+00 3.667980342643721858e+00 1.875000000000000000e+00 2.857142857142856762e+00 2.500000000000000000e+00
3.750000000000000000e+00 4.319991446443102845e+00 5.000000000000000000e+00 2.758620689655172598e+00 2.000000000000000000e+00
3.333333333333333481e+00 2.454688247772347509e+00 5.000000000000000000e+00 2.000000000000000000e+00 7.500000000000000000e-01
3.333333333333333481e+00 2.708286592078333221e+00 5.000000000000000000e+00 2.000000000000000000e+00 7.269999999999999796e-01
0.000000000000000000e+00 5.101585334580569508e-01 0.000000000000000000e+00 1.363636363636363535e+00 0.000000000000000000e+00
3.333333333333333481e+00 2.625267285335152856e+00 5.000000000000000000e+00 2.000000000000000000e+00 1.250000000000000000e+00
3.333333333333333481e+00 3.158940469759849101e+00 5.000000000000000000e+00 2.105263157894736725e+00 1.250000000000000000e+00
3.333333333333333481e+00 2.516895630779869109e+00 5.000000000000000000e+00 2.105263157894736725e+00 1.250000000000000000e+00
3.333333333333333481e+00 3.158940469759849101e+00 5.000000000000000000e+00 2.105263157894736725e+00 5.000000000000000000e-01
3.333333333333333481e+00 4.283927878336085016e+00 1.111111111111111160e+00 2.500000000000000000e+00 3.250000000000000000e+00
2.500000000000000000e+00 3.532756427639345276e+00 1.666666666666666519e+00 2.000000000000000000e+00 1.332999999999999963e+00
2.500000000000000000e+00 3.813720087452090901e+00 1.666666666666666519e+00 2.000000000000000000e+00 1.000000000000000000e+00
2.500000000000000000e+00 3.509210189055168350e+00 1.666666666666666519e+00 1.944444444444444420e+00 1.399999999999999911e+00
2.500000000000000000e+00 3.532756427639345276e+00 1.666666666666666519e+00 2.000000000000000000e+00 1.332999999999999963e+00
4.285714285714285587e+00 4.599789002490225265e+00 2.500000000000000000e+00 2.857142857142856762e+00 5.000000000000000000e+00
4.285714285714285587e+00 4.589847940841873530e+00 2.142857142857142794e+00 3.181818181818181657e+00 4.000000000000000000e+00
3.846153846153846256e+00 3.509016092893894267e+00 1.428571428571428381e+00 2.941176470588235503e+00 3.000000000000000000e+00
3.636363636363636243e+00 4.489696199350554195e+00 2.000000000000000000e+00 3.125000000000000000e+00 4.400000000000000355e+00
3.750000000000000000e+00 4.158639057948048112e+00 5.000000000000000000e+00 2.678571428571428381e+00 2.000000000000000000e+00
3.750000000000000000e+00 3.960605076428063587e+00 5.000000000000000000e+00 2.678571428571428381e+00 2.166999999999999815e+00
2.500000000000000000e+00 3.535014378947821889e+00 1.666666666666666519e+00 2.413793103448275801e+00 1.399999999999999911e+00
2.222222222222222321e+00 3.536715444547829712e+00 1.250000000000000000e+00 2.343750000000000000e+00 1.199999999999999956e+00
2.500000000000000000e+00 3.025722117142581880e+00 1.666666666666666519e+00 2.500000000000000000e+00 1.199999999999999956e+00
3.333333333333333481e+00 4.054987879309369880e+00 3.333333333333333037e+00 2.833333333333333037e+00 2.200000000000000178e+00
2.000000000000000000e+00 2.991300773402636448e+00 1.000000000000000000e+00 2.272727272727272485e+00 1.250000000000000000e+00
4.444444444444444642e+00 4.034863080418297443e+00 0.000000000000000000e+00 2.162162162162162282e+00 5.000000000000000000e+00
4.000000000000000000e+00 4.384063766634202608e+00 2.500000000000000000e+00 3.387096774193548043e+00 4.000000000000000000e+00
3.333333333333333481e+00 3.956696192501163889e+00 1.250000000000000000e+00 2.162162162162162282e+00 4.000000000000000000e+00
4.000000000000000000e+00 4.396461381737036156e+00 2.500000000000000000e+00 3.484848484848485306e+00 3.200000000000000178e+00
5.000000000000000000e+00 4.860045634306355389e+00 5.000000000000000000e+00 3.055555555555555802e+00 2.000000000000000000e+00
3.000000000000000000e+00 3.633241198110752634e+00 1.000000000000000000e+00 2.500000000000000000e+00 2.200000000000000178e+00
4.000000000000000000e+00 4.396461381737036156e+00 2.500000000000000000e+00 3.484848484848485306e+00 3.200000000000000178e+00
3.571428571428571619e+00 2.590225898356138146e+00 2.142857142857142794e+00 2.894736842105263275e+00 1.500000000000000000e+00
4.000000000000000000e+00 4.682547512366150855e+00 0.000000000000000000e+00 2.750000000000000000e+00 4.750000000000000000e+00
3.333333333333333481e+00 2.036574103646402456e+00 5.000000000000000000e+00 1.739130434782608647e+00 5.000000000000000000e-01
0.000000000000000000e+00 1.411279701919414098e+00 0.000000000000000000e+00 1.521739130434782705e+00 6.700000000000000400e-02
3.333333333333333481e+00 3.114793578504871263e+00 0.000000000000000000e+00 1.739130434782608647e+00 1.600000000000000089e+00
5.000000000000000000e+00 4.444376331826622284e+00 1.666666666666666519e+00 2.553191489361701816e+00 2.600000000000000089e+00
4.285714285714285587e+00 4.331014128551266218e+00 0.000000000000000000e+00 2.200000000000000178e+00 4.875000000000000000e+00
4.285714285714285587e+00 3.748622807140193025e+00 0.000000000000000000e+00 2.321428571428571619e+00 5.000000000000000000e+00
3.750000000000000000e+00 4.335874083705009596e+00 0.000000000000000000e+00 2.321428571428571619e+00 2.000000000000000000e+00
3.750000000000000000e+00 2.308147797919821720e+00 1.666666666666666519e+00 1.833333333333333259e+00 1.399999999999999911e+00
3.750000000000000000e+00 2.308147797919821720e+00 1.666666666666666519e+00 1.833333333333333259e+00 1.399999999999999911e+00
3.750000000000000000e+00 4.037115452412003869e+00 5.000000000000000000e+00 3.200000000000000178e+00 3.600000000000000089e+00
2.500000000000000000e+00 1.737311409977908561e+00 1.666666666666666519e+00 2.068965517241379448e+00 8.000000000000000444e-01
3.333333333333333481e+00 3.967778960408621103e+00 1.250000000000000000e+00 2.187500000000000000e+00 3.799999999999999822e+00
3.333333333333333481e+00 3.894455305591000283e+00 3.333333333333333037e+00 3.035714285714285587e+00 2.000000000000000000e+00
2.000000000000000000e+00 2.054925197152102978e+00 1.000000000000000000e+00 2.419354838709677491e+00 1.600000000000000089e+00
4.444444444444444642e+00 4.658815672785102002e+00 1.250000000000000000e+00 2.187500000000000000e+00 3.000000000000000000e+00
3.750000000000000000e+00 4.203485160487422156e+00 1.666666666666666519e+00 2.500000000000000000e+00 3.615000000000000213e+00
4.444444444444444642e+00 4.440245696322985047e+00 1.250000000000000000e+00 3.064516129032258007e+00 3.750000000000000000e+00
2.500000000000000000e+00 1.803079582181431384e+00 1.666666666666666519e+00 2.083333333333333481e+00 5.000000000000000000e-01
4.000000000000000000e+00 4.328662976032104481e+00 2.500000000000000000e+00 3.235294117647058876e+00 4.000000000000000000e+00
3.333333333333333481e+00 3.021656024215801040e+00 1.250000000000000000e+00 1.829268292682926678e+00 4.000000000000000000e+00
3.636363636363636243e+00 4.297515773887631063e+00 8.333333333333332593e-01 2.441860465116278966e+00 3.333000000000000185e+00
3.076923076923077094e+00 3.840653496466051031e+00 6.250000000000000000e-01 2.254901960784313708e+00 1.500000000000000000e+00
3.888888888888888840e+00 4.277730160098966117e+00 1.363636363636363535e+00 2.463768115942029269e+00 4.400000000000000355e+00
4.285714285714285587e+00 4.888659876263527160e+00 0.000000000000000000e+00 2.222222222222222321e+00 4.857000000000000206e+00
4.000000000000000000e+00 4.121024641656337195e+00 2.500000000000000000e+00 2.656250000000000000e+00 2.875000000000000000e+00
3.333333333333333481e+00 2.910435748739027773e+00 5.000000000000000000e+00 1.904761904761904656e+00 8.000000000000000444e-01
4.000000000000000000e+00 4.429337301069855570e+00 2.500000000000000000e+00 3.000000000000000000e+00 5.000000000000000000e+00
3.333333333333333481e+00 3.981814393311240874e+00 3.333333333333333037e+00 2.794117647058823373e+00 2.200000000000000178e+00
3.333333333333333481e+00 1.975476578422096008e+00 1.250000000000000000e+00 2.000000000000000000e+00 2.000000000000000111e-01
2.500000000000000000e+00 2.518711823823582829e+00 1.666666666666666519e+00 2.027027027027027195e+00 4.000000000000000222e-01
2.500000000000000000e+00 2.161695471791464485e+00 1.666666666666666519e+00 2.166666666666666963e+00 2.000000000000000111e-01
3.750000000000000000e+00 3.896774398717580024e+00 5.000000000000000000e+00 2.586206896551724199e+00 1.800000000000000044e+00
3.750000000000000000e+00 4.195275572162819877e+00 5.000000000000000000e+00 3.148148148148148362e+00 1.600000000000000089e+00
2.857142857142857206e+00 2.821257043013431609e+00 0.000000000000000000e+00 3.095238095238095344e+00 1.300000000000000044e+00
3.333333333333333481e+00 2.216608335008061204e+00 5.000000000000000000e+00 1.904761904761904656e+00 1.199999999999999956e+00
3.333333333333333481e+00 2.216608335008061204e+00 5.000000000000000000e+00 1.904761904761904656e+00 1.199999999999999956e+00
0.000000000000000000e+00 1.622718060173416132e+00 0.000000000000000000e+00 1.799999999999999822e+00 2.000000000000000111e-01
3.333333333333333481e+00 2.033025444224565881e+00 5.000000000000000000e+00 1.904761904761904656e+00 1.199999999999999956e+00
3.157894736842105310e+00 3.842643765533878764e+00 1.250000000000000000e+00 2.446808510638297740e+00 3.000000000000000000e+00
4.000000000000000000e+00 4.471348153150062288e+00 2.500000000000000000e+00 3.250000000000000000e+00 3.500000000000000000e+00
3.636363636363636243e+00 4.288189517620420332e+00 2.000000000000000000e+00 3.170731707317073322e+00 3.500000000000000000e+00
2.727272727272727071e+00 3.887446406429915680e+00 2.000000000000000000e+00 2.916666666666666963e+00 2.000000000000000000e+00
3.333333333333333481e+00 3.917844520279664344e+00 1.250000000000000000e+00 2.428571428571428381e+00 4.400000000000000355e+00
3.750000000000000000e+00 4.496568622389337300e+00 0.000000000000000000e+00 2.343750000000000000e+00 5.000000000000000000e+00
0.000000000000000000e+00 9.222604210148560577e-01 0.000000000000000000e+00 1.527777777777777901e+00 0.000000000000000000e+00
3.750000000000000000e+00 3.781861039358426879e+00 5.000000000000000000e+00 2.833333333333333037e+00 3.200000000000000178e+00
3.750000000000000000e+00 4.129149010336822911e+00 1.666666666666666519e+00 3.076923076923077094e+00 3.250000000000000000e+00
0.000000000000000000e+00 1.398167656366333667e+00 0.000000000000000000e+00 1.400000000000000133e+00 0.000000000000000000e+00
3.333333333333333481e+00 2.362212481312558232e+00 5.000000000000000000e+00 2.105263157894736725e+00 1.000000000000000000e+00
3.636363636363636243e+00 4.470627554926155156e+00 8.333333333333332593e-01 2.205882352941176627e+00 3.666999999999999815e+00
3.333333333333333481e+00 4.221216303502798972e+00 0.000000000000000000e+00 2.058823529411764497e+00 3.000000000000000000e+00
3.571428571428571619e+00 4.263715693056502332e+00 2.142857142857142794e+00 3.333333333333333037e+00 4.200000000000000178e+00
3.750000000000000000e+00 4.745969553237713967e+00 0.000000000000000000e+00 2.031250000000000000e+00 5.000000000000000000e+00
4.285714285714285587e+00 3.570243094697910902e+00 0.000000000000000000e+00 1.935483870967741993e+00 4.091000000000000192e+00
3.333333333333333481e+00 3.858211876603727664e+00 3.333333333333333037e+00 2.500000000000000000e+00 1.800000000000000044e+00
3.333333333333333481e+00 2.553969777138899389e+00 3.000000000000000000e+00 2.682926829268292845e+00 2.000000000000000000e+00
2.857142857142857206e+00 3.457466854217623453e+00 0.000000000000000000e+00 1.666666666666666519e+00 2.799999999999999822e+00
3.333333333333333481e+00 3.443432892308170068e+00 5.000000000000000000e+00 2.000000000000000000e+00 1.000000000000000000e+00
3.636363636363636243e+00 3.898887619868209864e+00 8.333333333333332593e-01 2.386363636363636687e+00 3.799999999999999822e+00
3.000000000000000000e+00 3.723541846738843475e+00 1.000000000000000000e+00 2.272727272727272485e+00 4.000000000000000000e+00
2.500000000000000000e+00 3.209477917355943344e+00 1.666666666666666519e+00 2.343750000000000000e+00 1.399999999999999911e+00
4.444444444444444642e+00 4.267187038132115084e+00 3.333333333333333037e+00 2.833333333333333037e+00 1.800000000000000044e+00
4.000000000000000000e+00 4.104416948476085736e+00 0.000000000000000000e+00 2.068965517241379448e+00 5.000000000000000000e+00
2.500000000000000000e+00 2.882256644976584070e+00 1.666666666666666519e+00 1.935483870967741993e+00 4.000000000000000222e-01
4.117647058823528994e+00 4.372937237471734129e+00 1.500000000000000000e+00 1.826923076923076872e+00 4.400000000000000355e+00
3.333333333333333481e+00 3.266892128555103358e+00 3.000000000000000000e+00 2.236842105263157965e+00 1.000000000000000000e+00
3.076923076923077094e+00 2.998438425500780102e+00 6.250000000000000000e-01 2.083333333333333481e+00 3.000000000000000000e+00
2.000000000000000000e+00 2.494824577109406860e+00 0.000000000000000000e+00 1.375000000000000000e+00 1.199999999999999956e+00
3.636363636363636243e+00 4.359208563634738631e+00 2.000000000000000000e+00 2.750000000000000000e+00 3.200000000000000178e+00
3.571428571428571619e+00 4.386899438270105200e+00 2.142857142857142794e+00 2.700000000000000178e+00 2.600000000000000089e+00
3.750000000000000000e+00 4.471374681831489895e+00 1.666666666666666519e+00 2.857142857142856762e+00 4.599999999999999645e+00
4.444444444444444642e+00 4.205124574223838785e+00 1.250000000000000000e+00 2.187500000000000000e+00 3.399999999999999911e+00
2.857142857142857206e+00 4.030148321812109913e+00 0.000000000000000000e+00 1.612903225806451513e+00 2.000000000000000000e+00
3.076923076923077094e+00 4.123943752630302662e+00 6.250000000000000000e-01 2.093023255813953654e+00 4.000000000000000000e+00
2.500000000000000000e+00 4.240548415329709719e+00 0.000000000000000000e+00 1.931818181818181657e+00 4.200000000000000178e+00
3.636363636363636243e+00 3.700011383220275896e+00 0.000000000000000000e+00 1.976744186046511587e+00 3.799999999999999822e+00
3.000000000000000000e+00 4.114207615275501162e+00 1.000000000000000000e+00 2.272727272727272485e+00 3.399999999999999911e+00
4.444444444444444642e+00 4.601285520558891839e+00 1.250000000000000000e+00 2.000000000000000000e+00 3.799999999999999822e+00
3.000000000000000000e+00 3.799740315942705227e+00 1.000000000000000000e+00 2.058823529411764497e+00 4.400000000000000355e+00
3.750000000000000000e+00 4.067146586540790310e+00 0.000000000000000000e+00 2.000000000000000000e+00 4.200000000000000178e+00
4.444444444444444642e+00 3.996150340755908914e+00 1.250000000000000000e+00 2.000000000000000000e+00 4.599999999999999645e+00
2.500000000000000000e+00 3.835527914694070617e+00 1.666666666666666519e+00 1.805555555555555580e+00 1.199999999999999956e+00
2.222222222222222321e+00 3.533552359125607722e+00 1.250000000000000000e+00 1.805555555555555580e+00 1.199999999999999956e+00
2.000000000000000000e+00 2.833264984551861154e+00 1.000000000000000000e+00 2.125000000000000000e+00 8.000000000000000444e-01
4.285714285714285587e+00 4.196992385456367103e+00 0.000000000000000000e+00 1.470588235294117752e+00 3.200000000000000178e+00
3.636363636363636243e+00 4.307191587777834840e+00 2.000000000000000000e+00 2.647058823529411686e+00 4.000000000000000000e+00
2.500000000000000000e+00 3.896093169243885157e+00 0.000000000000000000e+00 1.500000000000000000e+00 2.600000000000000089e+00
3.333333333333333481e+00 3.854460642837277184e+00 1.250000000000000000e+00 2.000000000000000000e+00 4.400000000000000355e+00
3.333333333333333481e+00 4.237415538997653108e+00 1.250000000000000000e+00 2.375000000000000000e+00 4.200000000000000178e+00
3.333333333333333481e+00 3.330837889484891789e+00 7.142857142857141906e-01 1.734693877551020336e+00 3.200000000000000178e+00
3.125000000000000000e+00 4.280199225571812427e+00 2.500000000000000000e+00 2.500000000000000000e+00 3.399999999999999911e+00
3.333333333333333481e+00 3.991620537090877718e+00 1.111111111111111160e+00 2.410714285714285587e+00 4.000000000000000000e+00
2.222222222222222321e+00 4.232523871812306382e+00 0.000000000000000000e+00 1.911764705882352811e+00 4.799999999999999822e+00
2.500000000000000000e+00 1.779899355494350299e+00 1.666666666666666519e+00 1.911764705882352811e+00 2.000000000000000111e-01
1.250000000000000000e+00 2.898389697322532044e+00 0.000000000000000000e+00 1.617647058823529438e+00 1.800000000000000044e+00
2.500000000000000000e+00 2.449143622574229795e+00 0.000000000000000000e+00 1.595744680851063801e+00 2.600000000000000089e+00
2.727272727272727071e+00 3.494241675388238821e+00 8.333333333333332593e-01 1.734693877551020336e+00 2.799999999999999822e+00
2.307692307692307487e+00 2.830081496791968299e+00 0.000000000000000000e+00 1.530612244897959329e+00 5.000000000000000000e+00
2.500000000000000000e+00 1.934163167600558175e+00 1.666666666666666519e+00 2.000000000000000000e+00 2.500000000000000000e-01
4.000000000000000000e+00 4.542954926377861469e+00 0.000000000000000000e+00 1.971830985915492773e+00 3.750000000000000000e+00
2.307692307692307487e+00 2.429959527797761254e+00 6.250000000000000000e-01 1.666666666666666519e+00 1.750000000000000000e+00
4.000000000000000000e+00 1.934150899041499061e+00 0.000000000000000000e+00 2.040816326530612290e+00 3.500000000000000000e+00
3.000000000000000000e+00 3.490626303661752861e+00 2.500000000000000000e+00 2.361111111111111160e+00 3.399999999999999911e+00
3.000000000000000000e+00 3.327521157915929173e+00 1.000000000000000000e+00 2.575757575757575690e+00 1.399999999999999911e+00
3.000000000000000000e+00 3.575296785226264262e+00 2.500000000000000000e+00 2.027027027027027195e+00 1.399999999999999911e+00
2.500000000000000000e+00 3.347508990270185336e+00 1.666666666666666519e+00 1.794871794871794934e+00 1.000000000000000000e+00
3.333333333333333481e+00 3.758866301302731916e+00 3.333333333333333037e+00 2.586206896551724199e+00 1.800000000000000044e+00
4.000000000000000000e+00 4.107239372550500534e+00 1.875000000000000000e+00 2.755102040816326259e+00 4.599999999999999645e+00
1.250000000000000000e+00 2.518156206719476931e+00 0.000000000000000000e+00 1.607142857142857206e+00 4.000000000000000222e-01
3.333333333333333481e+00 3.920352276848170447e+00 1.666666666666666519e+00 2.619047619047619069e+00 3.600000000000000089e+00
2.727272727272727071e+00 3.407220532316250328e+00 8.333333333333332593e-01 1.875000000000000000e+00 3.250000000000000000e+00
2.000000000000000000e+00 1.933398222179036674e+00 1.000000000000000000e+00 2.236842105263157965e+00 7.780000000000000249e-01
2.727272727272727071e+00 2.693253795943708173e+00 2.000000000000000000e+00 1.750000000000000000e+00 1.250000000000000000e+00
2.500000000000000000e+00 2.072877958748023275e+00 1.666666666666666519e+00 1.857142857142857206e+00 7.500000000000000000e-01
2.500000000000000000e+00 3.710851100600551344e+00 1.666666666666666519e+00 2.058823529411764497e+00 1.500000000000000000e+00
2.222222222222222321e+00 1.950747099535337536e+00 1.250000000000000000e+00 1.486486486486486625e+00 1.000000000000000000e+00
2.857142857142857206e+00 4.023964234226506065e+00 0.000000000000000000e+00 1.896551724137931050e+00 3.750000000000000000e+00
3.333333333333333481e+00 3.977269603186974756e+00 1.250000000000000000e+00 2.692307692307692069e+00 3.250000000000000000e+00
3.636363636363636243e+00 3.844096826996209693e+00 0.000000000000000000e+00 2.000000000000000000e+00 4.000000000000000000e+00
4.545454545454545858e+00 4.503930789869722062e+00 8.333333333333332593e-01 1.710526315789473673e+00 3.000000000000000000e+00
2.222222222222222321e+00 1.974646517271574364e+00 1.250000000000000000e+00 1.891891891891892108e+00 1.667000000000000037e+00
4.444444444444444642e+00 4.356924306445247197e+00 1.250000000000000000e+00 1.891891891891892108e+00 3.333000000000000185e+00
3.000000000000000000e+00 3.923297525269811459e+00 1.000000000000000000e+00 2.205882352941176627e+00 2.250000000000000000e+00
2.222222222222222321e+00 1.720181531090474891e+00 1.250000000000000000e+00 1.410256410256410131e+00 5.000000000000000000e-01
4.166666666666666963e+00 4.273599585494360475e+00 1.666666666666666519e+00 2.380952380952380931e+00 2.750000000000000000e+00
2.727272727272727071e+00 2.765202330644252804e+00 8.333333333333332593e-01 1.458333333333333481e+00 2.000000000000000000e+00
2.500000000000000000e+00 1.528921069936063359e+00 1.666666666666666519e+00 1.718750000000000000e+00 8.329999999999999627e-01
3.333333333333333481e+00 4.146112872653650250e+00 0.000000000000000000e+00 2.555555555555555358e+00 3.750000000000000000e+00
3.529411764705882248e+00 4.072602733266973196e+00 4.166666666666666297e-01 1.891891891891892108e+00 4.000000000000000000e+00
3.000000000000000000e+00 2.331097813250083473e+00 0.000000000000000000e+00 1.585365853658536661e+00 3.250000000000000000e+00
2.500000000000000000e+00 3.516817171350657745e+00 0.000000000000000000e+00 1.923076923076923128e+00 2.750000000000000000e+00
3.333333333333333481e+00 3.669819745817139989e+00 3.333333333333333037e+00 2.297297297297297369e+00 1.000000000000000000e+00
3.636363636363636243e+00 3.625905231395218919e+00 2.000000000000000000e+00 2.159090909090909172e+00 3.500000000000000000e+00
3.333333333333333481e+00 4.249152951867106509e+00 1.111111111111111160e+00 2.019230769230769162e+00 3.750000000000000000e+00
3.750000000000000000e+00 4.271959425712063663e+00 4.545454545454545858e-01 1.981132075471698339e+00 4.400000000000000355e+00
2.857142857142857206e+00 2.519754072129463118e+00 0.000000000000000000e+00 1.730769230769230838e+00 4.000000000000000222e-01
2.857142857142857206e+00 3.568603295061424596e+00 2.500000000000000000e+00 2.000000000000000000e+00 4.000000000000000222e-01
3.750000000000000000e+00 3.901171673754213476e+00 5.000000000000000000e+00 2.419354838709677491e+00 4.200000000000000178e+00
3.333333333333333481e+00 3.533321421234613346e+00 0.000000000000000000e+00 1.764705882352941346e+00 2.500000000000000000e+00
2.222222222222222321e+00 1.731240322265455323e+00 1.250000000000000000e+00 1.764705882352941346e+00 2.500000000000000000e-01
2.000000000000000000e+00 3.088413193519614630e+00 1.000000000000000000e+00 1.388888888888888840e+00 2.500000000000000000e-01
1.666666666666666741e+00 1.156157924305242002e+00 7.142857142857141906e-01 1.195652173913043459e+00 2.500000000000000000e-01
2.857142857142857206e+00 3.832488614311608810e+00 0.000000000000000000e+00 1.551724137931034475e+00 3.799999999999999822e+00
3.333333333333333481e+00 4.398972610515093251e+00 7.142857142857141906e-01 2.244897959183673297e+00 2.600000000000000089e+00
3.333333333333333481e+00 2.750178384880395122e+00 1.250000000000000000e+00 2.205882352941176627e+00 2.600000000000000089e+00
2.500000000000000000e+00 3.943486449978579333e+00 0.000000000000000000e+00 1.805555555555555580e+00 2.000000000000000000e+00
2.000000000000000000e+00 3.046693895814847064e+00 1.000000000000000000e+00 1.976744186046511587e+00 1.800000000000000044e+00
0.000000000000000000e+00 9.235186492436266992e-01 0.000000000000000000e+00 9.756097560975609539e-01 0.000000000000000000e+00
2.500000000000000000e+00 3.548220298069726386e+00 1.666666666666666519e+00 1.447368421052631637e+00 1.199999999999999956e+00
4.117647058823528994e+00 4.186786091938753174e+00 9.090909090909091717e-01 2.641509433962264008e+00 3.799999999999999822e+00
4.545454545454545858e+00 4.325475170734874197e+00 8.333333333333332593e-01 1.847826086956521507e+00 3.600000000000000089e+00
2.727272727272727071e+00 3.833386872187940497e+00 2.000000000000000000e+00 2.045454545454545414e+00 1.800000000000000044e+00
3.636363636363636243e+00 4.131209816720098793e+00 2.000000000000000000e+00 2.380952380952380931e+00 1.199999999999999956e+00
4.444444444444444642e+00 4.219602134850132913e+00 1.250000000000000000e+00 2.027027027027027195e+00 3.200000000000000178e+00
3.333333333333333481e+00 3.822904516034986155e+00 3.333333333333333037e+00 2.428571428571428381e+00 2.200000000000000178e+00
2.000000000000000000e+00 1.219454267457442453e+00 1.000000000000000000e+00 1.500000000000000000e+00 8.000000000000000444e-01
2.222222222222222321e+00 2.362034536835964094e+00 1.250000000000000000e+00 1.666666666666666519e+00 1.600000000000000089e+00
2.500000000000000000e+00 2.600599455274474003e+00 1.666666666666666519e+00 1.710526315789473673e+00 2.799999999999999822e+00
2.727272727272727071e+00 1.767361867167462908e+00 2.000000000000000000e+00 1.538461538461538547e+00 5.829999999999999627e-01
3.333333333333333481e+00 3.713095023441606024e+00 1.250000000000000000e+00 2.592592592592592560e+00 3.200000000000000178e+00
2.500000000000000000e+00 2.122365578049002721e+00 1.666666666666666519e+00 1.833333333333333259e+00 8.000000000000000444e-01
2.857142857142857206e+00 4.076264584658472856e+00 0.000000000000000000e+00 1.886792452830188704e+00 3.799999999999999822e+00
1.538461538461538547e+00 1.866862239068718843e+00 6.250000000000000000e-01 1.250000000000000000e+00 0.000000000000000000e+00
1.818181818181818121e+00 1.529229380623299939e+00 8.333333333333332593e-01 1.702127659574468099e+00 6.670000000000000373e-01
3.750000000000000000e+00 3.116752429564891180e+00 0.000000000000000000e+00 1.562500000000000000e+00 5.000000000000000000e+00
3.571428571428571619e+00 3.696576261464497470e+00 1.250000000000000000e+00 2.444444444444444198e+00 4.333000000000000185e+00
2.142857142857142794e+00 3.950906484400719343e+00 0.000000000000000000e+00 1.666666666666666519e+00 4.214000000000000412e+00
2.500000000000000000e+00 3.545212313893608691e+00 0.000000000000000000e+00 1.666666666666666519e+00 1.800000000000000044e+00
2.500000000000000000e+00 1.696558967928647244e+00 1.666666666666666519e+00 1.470588235294117752e+00 4.000000000000000222e-01
2.500000000000000000e+00 4.014137244544906835e+00 7.142857142857141906e-01 2.567567567567567544e+00 2.000000000000000000e+00
2.000000000000000000e+00 3.815630541342405202e+00 0.000000000000000000e+00 1.477272727272727293e+00 2.799999999999999822e+00
1.818181818181818121e+00 2.520166947117919332e+00 8.333333333333332593e-01 1.590909090909090828e+00 8.000000000000000444e-01
2.857142857142857206e+00 1.696024753308742694e+00 2.500000000000000000e+00 1.875000000000000000e+00 8.000000000000000444e-01
0.000000000000000000e+00 1.835670491687223738e+00 0.000000000000000000e+00 1.111111111111111160e+00 4.000000000000000222e-01
0.000000000000000000e+00 1.835670491687223738e+00 0.000000000000000000e+00 1.111111111111111160e+00 2.500000000000000000e-01
2.500000000000000000e+00 2.194267843298414622e+00 1.666666666666666519e+00 1.969696969696969724e+00 7.500000000000000000e-01
2.000000000000000000e+00 2.133621860894945321e+00 1.000000000000000000e+00 1.714285714285714413e+00 7.500000000000000000e-01
2.222222222222222321e+00 2.177478470895785279e+00 1.250000000000000000e+00 1.527777777777777901e+00 1.000000000000000000e+00
0.000000000000000000e+00 1.203718424380685548e+00 0.000000000000000000e+00 1.184210526315789380e+00 0.000000000000000000e+00
2.222222222222222321e+00 1.790446164912921301e+00 1.250000000000000000e+00 1.764705882352941346e+00 8.000000000000000444e-01
1.000000000000000000e+00 2.817731425822999292e+00 0.000000000000000000e+00 1.276595744680850908e+00 3.399999999999999911e+00
2.500000000000000000e+00 3.200902564481894252e+00 7.142857142857141906e-01 1.666666666666666519e+00 2.769000000000000128e+00
2.727272727272727071e+00 3.199072441864917238e+00 2.000000000000000000e+00 1.777777777777777901e+00 2.799999999999999822e+00
4.285714285714285587e+00 4.173380501788432007e+00 5.555555555555555802e-01 1.979166666666666519e+00 3.200000000000000178e+00
3.076923076923077094e+00 4.105639561851772257e+00 6.250000000000000000e-01 1.944444444444444420e+00 4.200000000000000178e+00
2.000000000000000000e+00 3.255894108341986559e+00 5.000000000000000000e-01 1.696428571428571619e+00 2.399999999999999911e+00
3.000000000000000000e+00 4.327456753675228640e+00 0.000000000000000000e+00 1.944444444444444420e+00 4.400000000000000355e+00
3.750000000000000000e+00 3.775505701153146987e+00 1.666666666666666519e+00 1.578947368421052655e+00 1.800000000000000044e+00
2.222222222222222321e+00 2.150358415381230959e+00 1.250000000000000000e+00 1.578947368421052655e+00 8.000000000000000444e-01
2.222222222222222321e+00 3.214198568455781668e+00 1.250000000000000000e+00 1.621621621621621712e+00 1.399999999999999911e+00
2.500000000000000000e+00 3.119518382821131031e+00 1.666666666666666519e+00 1.756756756756756799e+00 2.250000000000000000e+00
2.857142857142857206e+00 2.499663788418637900e+00 0.000000000000000000e+00 1.666666666666666519e+00 2.500000000000000000e-01
3.636363636363636243e+00 4.020588009057622259e+00 2.000000000000000000e+00 2.804878048780488076e+00 3.250000000000000000e+00
4.166666666666666963e+00 3.658411454286842002e+00 7.142857142857141906e-01 2.560975609756097615e+00 4.500000000000000000e+00
2.777777777777777679e+00 3.567125147050445477e+00 8.333333333333332593e-01 1.933333333333333348e+00 4.200000000000000178e+00
2.727272727272727071e+00 1.502526218112620437e+00 2.000000000000000000e+00 1.625000000000000000e+00 8.000000000000000444e-01
2.500000000000000000e+00 1.665531473091534931e+00 1.666666666666666519e+00 1.500000000000000000e+00 8.000000000000000444e-01
2.857142857142857206e+00 2.345587117198213889e+00 2.500000000000000000e+00 1.724137931034482873e+00 8.000000000000000444e-01
2.857142857142857206e+00 2.414372669078094891e+00 2.500000000000000000e+00 2.037037037037036757e+00 2.500000000000000000e-01
2.962962962962962798e+00 4.073748044837332216e+00 1.052631578947368363e+00 1.686046511627906863e+00 3.500000000000000000e+00
2.500000000000000000e+00 2.354100666538050390e+00 7.142857142857141906e-01 1.315789473684210398e+00 2.750000000000000000e+00
3.750000000000000000e+00 3.804070940902370968e+00 0.000000000000000000e+00 1.562500000000000000e+00 4.250000000000000000e+00
2.500000000000000000e+00 1.641401242121091730e+00 1.666666666666666519e+00 1.363636363636363535e+00 5.000000000000000000e-01
2.500000000000000000e+00 2.359072228750507705e+00 1.666666666666666519e+00 1.774193548387096975e+00 5.000000000000000000e-01
0.000000000000000000e+00 1.306728989922005812e+00 0.000000000000000000e+00 1.250000000000000000e+00 0.000000000000000000e+00
2.000000000000000000e+00 1.082874137560285943e+00 1.000000000000000000e+00 1.363636363636363535e+00 5.000000000000000000e-01
1.666666666666666741e+00 1.522808166784405781e+00 7.142857142857141906e-01 8.999999999999999112e-01 5.999999999999999778e-01
4.000000000000000000e+00 3.514552882335625128e+00 1.111111111111111160e+00 2.399999999999999911e+00 2.200000000000000178e+00
3.333333333333333481e+00 3.859502239398776346e+00 1.666666666666666519e+00 2.307692307692307931e+00 3.200000000000000178e+00
2.857142857142857206e+00 3.893791666872536084e+00 5.555555555555555802e-01 1.696428571428571619e+00 4.400000000000000355e+00
3.333333333333333481e+00 4.106793681454993461e+00 7.142857142857141906e-01 2.435897435897435681e+00 3.000000000000000000e+00
2.222222222222222321e+00 3.008018218193386772e+00 1.250000000000000000e+00 1.470588235294117752e+00 2.250000000000000000e+00
3.750000000000000000e+00 3.569929797399304494e+00 0.000000000000000000e+00 1.285714285714285587e+00 2.583000000000000185e+00
2.500000000000000000e+00 1.523340082766821757e+00 0.000000000000000000e+00 1.081081081081081141e+00 0.000000000000000000e+00
0.000000000000000000e+00 1.214897884036665543e+00 0.000000000000000000e+00 5.999999999999999778e-01 0.000000000000000000e+00
3.333333333333333481e+00 3.175393313460560307e+00 7.142857142857141906e-01 1.326530612244898100e+00 1.800000000000000044e+00
0.000000000000000000e+00 5.793171681895877834e-01 0.000000000000000000e+00 1.081081081081081141e+00 0.000000000000000000e+00
2.500000000000000000e+00 3.554901717956651552e+00 0.000000000000000000e+00 1.470588235294117752e+00 1.399999999999999911e+00
0.000000000000000000e+00 1.102658894115485566e+00 0.000000000000000000e+00 1.081081081081081141e+00 0.000000000000000000e+00
2.222222222222222321e+00 1.659748756903414613e+00 1.250000000000000000e+00 1.486486486486486625e+00 4.000000000000000222e-01
0.000000000000000000e+00 6.590366361782701299e-01 0.000000000000000000e+00 1.184210526315789380e+00 0.000000000000000000e+00
0.000000000000000000e+00 1.721599263799071799e+00 0.000000000000000000e+00 7.407407407407406996e-01 0.000000000000000000e+00
3.636363636363636243e+00 3.464858960397153353e+00 0.000000000000000000e+00 1.410256410256410131e+00 3.000000000000000000e+00
2.000000000000000000e+00 2.490750578054871767e+00 1.000000000000000000e+00 1.710526315789473673e+00 2.000000000000000000e+00
3.000000000000000000e+00 3.648860381142724041e+00 2.500000000000000000e+00 1.944444444444444420e+00 2.200000000000000178e+00
2.222222222222222321e+00 1.534257761945095222e+00 1.250000000000000000e+00 1.375000000000000000e+00 1.199999999999999956e+00
0.000000000000000000e+00 1.058924686683706984e+00 0.000000000000000000e+00 9.302325581395348708e-01 0.000000000000000000e+00
2.222222222222222321e+00 2.602445326424212446e+00 1.250000000000000000e+00 1.710526315789473673e+00 1.000000000000000000e+00
2.000000000000000000e+00 3.437035340276436202e+00 1.000000000000000000e+00 1.578947368421052655e+00 1.532999999999999918e+00
2.857142857142857206e+00 3.512879355322798602e+00 5.555555555555555802e-01 1.956521739130434812e+00 1.667000000000000037e+00
0.000000000000000000e+00 1.607238556235239368e+00 0.000000000000000000e+00 1.428571428571428381e+00 1.000000000000000000e+00
2.222222222222222321e+00 1.804971621614027688e+00 1.250000000000000000e+00 1.463414634146341431e+00 3.079999999999999960e-01
1.666666666666666741e+00 1.408581714611534030e+00 7.142857142857141906e-01 1.190476190476190466e+00 0.000000000000000000e+00
2.857142857142857206e+00 2.704651033551443984e+00 2.500000000000000000e+00 1.538461538461538547e+00 2.000000000000000111e-01
2.727272727272727071e+00 3.419813944834332986e+00 2.000000000000000000e+00 2.051282051282051100e+00 4.200000000000000178e+00
2.727272727272727071e+00 3.464093896382869797e+00 2.000000000000000000e+00 2.125000000000000000e+00 2.600000000000000089e+00
3.000000000000000000e+00 2.841064745350086351e+00 0.000000000000000000e+00 1.704545454545454364e+00 3.000000000000000000e+00
3.125000000000000000e+00 4.353449434574602428e+00 4.545454545454545858e-01 2.155172413793103203e+00 3.799999999999999822e+00
2.500000000000000000e+00 1.712703799525070902e+00 1.666666666666666519e+00 1.571428571428571397e+00 7.500000000000000000e-01
0.000000000000000000e+00 1.356411288910748025e+00 0.000000000000000000e+00 1.388888888888888840e+00 2.500000000000000000e-01
2.000000000000000000e+00 1.087065158915078378e+00 1.000000000000000000e+00 1.527777777777777901e+00 7.500000000000000000e-01
3.750000000000000000e+00 4.060801402118113579e+00 1.666666666666666519e+00 2.428571428571428381e+00 3.000000000000000000e+00
2.000000000000000000e+00 2.041525058201032028e+00 1.000000000000000000e+00 1.341463414634146423e+00 4.000000000000000222e-01
2.222222222222222321e+00 1.459795258157780662e+00 1.250000000000000000e+00 1.547619047619047672e+00 4.000000000000000222e-01
1.818181818181818121e+00 2.142121529615590880e+00 8.333333333333332593e-01 1.195652173913043459e+00 4.000000000000000222e-01
2.500000000000000000e+00 4.252340457705820143e+00 0.000000000000000000e+00 1.444444444444444198e+00 4.200000000000000178e+00
3.333333333333333481e+00 4.057516699919885284e+00 1.875000000000000000e+00 2.021276595744680549e+00 3.500000000000000000e+00
3.571428571428571619e+00 3.279544758797459991e+00 1.250000000000000000e+00 1.888888888888888840e+00 3.500000000000000000e+00
3.076923076923077094e+00 3.940544113286787997e+00 6.250000000000000000e-01 1.886792452830188704e+00 3.000000000000000000e+00
2.307692307692307487e+00 3.862812868953313661e+00 6.250000000000000000e-01 1.727272727272727293e+00 3.750000000000000000e+00
3.000000000000000000e+00 3.610356681658283051e+00 7.142857142857141906e-01 1.573033707865168385e+00 3.399999999999999911e+00
1.666666666666666741e+00 2.271187046183354319e+00 0.000000000000000000e+00 9.375000000000000000e-01 3.399999999999999911e+00
4.285714285714285587e+00 3.355863305246877371e+00 0.000000000000000000e+00 1.612903225806451513e+00 3.600000000000000089e+00
2.631578947368421240e+00 4.070377141163282531e+00 3.571428571428570953e-01 1.283783783783783772e+00 3.799999999999999822e+00
2.500000000000000000e+00 3.126571899067758675e+00 1.666666666666666519e+00 1.571428571428571397e+00 1.000000000000000000e+00
3.000000000000000000e+00 3.341992499448368292e+00 2.500000000000000000e+00 1.973684210526315930e+00 1.399999999999999911e+00
3.636363636363636243e+00 4.311320670929754684e+00 8.333333333333332593e-01 2.000000000000000000e+00 3.399999999999999911e+00
4.444444444444444642e+00 4.118036697217793751e+00 1.250000000000000000e+00 1.666666666666666519e+00 3.600000000000000089e+00
2.000000000000000000e+00 3.053834999317181165e+00 5.000000000000000000e-01 1.568627450980392135e+00 2.799999999999999822e+00
3.076923076923077094e+00 3.419764311616366292e+00 6.250000000000000000e-01 2.053571428571428381e+00 4.000000000000000000e+00
2.142857142857142794e+00 3.120908675038958080e+00 0.000000000000000000e+00 1.194029850746268551e+00 3.200000000000000178e+00
2.500000000000000000e+00 3.157121733737601854e+00 0.000000000000000000e+00 1.136363636363636243e+00 3.399999999999999911e+00
2.000000000000000000e+00 3.422267739451844371e+00 0.000000000000000000e+00 1.326530612244898100e+00 2.333000000000000185e+00
2.222222222222222321e+00 3.758321947357122994e+00 0.000000000000000000e+00 1.222222222222222099e+00 2.666999999999999815e+00
2.857142857142857206e+00 3.739882559782473415e+00 5.555555555555555802e-01 1.470588235294117752e+00 3.000000000000000000e+00
3.333333333333333481e+00 3.374482992641860690e+00 1.250000000000000000e+00 1.447368421052631637e+00 4.666999999999999815e+00
2.857142857142857206e+00 3.969119467092757425e+00 0.000000000000000000e+00 1.500000000000000000e+00 3.200000000000000178e+00
2.500000000000000000e+00 2.980976360275850112e+00 1.666666666666666519e+00 1.527777777777777901e+00 1.600000000000000089e+00
2.500000000000000000e+00 3.580238824107068396e+00 0.000000000000000000e+00 1.290322580645161255e+00 3.000000000000000000e+00
2.142857142857142794e+00 1.336102475190154237e+00 1.250000000000000000e+00 1.530612244897959329e+00 2.000000000000000111e-01
2.307692307692307487e+00 1.070350752618305146e+00 6.250000000000000000e-01 1.470588235294117752e+00 8.000000000000000444e-01
2.857142857142857206e+00 2.868685274640358607e+00 2.500000000000000000e+00 1.833333333333333259e+00 1.199999999999999956e+00
0.000000000000000000e+00 8.170602783742580977e-01 0.000000000000000000e+00 8.536585365853659457e-01 8.000000000000000444e-01
2.000000000000000000e+00 2.136456997836880145e+00 1.000000000000000000e+00 1.621621621621621712e+00 8.000000000000000444e-01
2.857142857142857206e+00 2.360599871814583306e+00 2.500000000000000000e+00 1.428571428571428381e+00 7.500000000000000000e-01
0.000000000000000000e+00 1.121054806307937968e+00 0.000000000000000000e+00 1.206896551724137900e+00 0.000000000000000000e+00
0.000000000000000000e+00 1.616762564527637558e+00 0.000000000000000000e+00 7.575757575757575690e-01 2.500000000000000000e-01
3.333333333333333481e+00 4.476557524642970520e+00 8.823529411764706731e-01 2.171052631578947345e+00 3.250000000000000000e+00
2.727272727272727071e+00 3.744434257670255839e+00 8.333333333333332593e-01 1.982758620689655249e+00 4.000000000000000000e+00
2.777777777777777679e+00 3.685810918978883244e+00 0.000000000000000000e+00 1.166666666666666741e+00 3.000000000000000000e+00
3.076923076923077094e+00 3.979862680452600721e+00 1.428571428571428381e+00 1.862745098039215730e+00 3.333000000000000185e+00
3.076923076923077094e+00 2.389750672632360740e+00 1.428571428571428381e+00 1.388888888888888840e+00 3.333000000000000185e+00
1.428571428571428603e+00 1.887578895421035519e+00 5.555555555555555802e-01 1.530612244897959329e+00 2.000000000000000000e+00
3.333333333333333481e+00 3.196067558106077122e+00 0.000000000000000000e+00 1.481481481481481399e+00 3.000000000000000000e+00
3.636363636363636243e+00 3.702269289123568896e+00 0.000000000000000000e+00 1.914893617021276473e+00 3.750000000000000000e+00
3.000000000000000000e+00 3.169639271689712601e+00 0.000000000000000000e+00 1.595744680851063801e+00 4.000000000000000000e+00
1.818181818181818121e+00 3.560660928906918876e+00 0.000000000000000000e+00 1.100000000000000089e+00 3.000000000000000000e+00
2.500000000000000000e+00 3.127740673764114465e+00 7.142857142857141906e-01 1.224489795918367374e+00 2.000000000000000000e+00
2.727272727272727071e+00 2.696968821531708915e+00 8.333333333333332593e-01 1.630434782608695787e+00 3.750000000000000000e+00
0.000000000000000000e+00 1.094795454257686540e+00 0.000000000000000000e+00 1.020408163265306145e+00 0.000000000000000000e+00
1.818181818181818121e+00 8.460964400822210685e-01 8.333333333333332593e-01 1.224489795918367374e+00 4.000000000000000222e-01
2.000000000000000000e+00 2.003372915055813497e+00 1.000000000000000000e+00 1.222222222222222099e+00 4.000000000000000222e-01
2.500000000000000000e+00 3.642587430976833573e+00 0.000000000000000000e+00 1.250000000000000000e+00 3.200000000000000178e+00
1.666666666666666741e+00 1.666048158055483341e+00 7.142857142857141906e-01 1.136363636363636243e+00 4.000000000000000222e-01
2.500000000000000000e+00 2.751629545717706904e+00 1.666666666666666519e+00 1.341463414634146423e+00 2.000000000000000000e+00
0.000000000000000000e+00 1.156491829409137084e+00 0.000000000000000000e+00 1.046511627906976827e+00 0.000000000000000000e+00
0.000000000000000000e+00 1.036080769002681645e+00 0.000000000000000000e+00 1.190476190476190466e+00 0.000000000000000000e+00
0.000000000000000000e+00 8.980052745050950413e-01 0.000000000000000000e+00 9.756097560975609539e-01 0.000000000000000000e+00
0.000000000000000000e+00 7.071347809553317765e-01 0.000000000000000000e+00 1.216216216216216228e+00 5.000000000000000000e-01
2.500000000000000000e+00 3.338668936375126073e+00 0.000000000000000000e+00 1.779661016949152463e+00 4.500000000000000000e+00
2.500000000000000000e+00 8.977931284605911166e-01 1.666666666666666519e+00 1.250000000000000000e+00 5.000000000000000000e-01
2.500000000000000000e+00 2.259685103264631678e+00 1.666666666666666519e+00 1.607142857142857206e+00 5.000000000000000000e-01
1.818181818181818121e+00 1.963909172582506191e+00 8.333333333333332593e-01 1.538461538461538547e+00 5.000000000000000000e-01
3.333333333333333481e+00 3.914877231867461838e+00 0.000000000000000000e+00 1.777777777777777901e+00 4.000000000000000000e+00
2.727272727272727071e+00 3.627418308749106757e+00 0.000000000000000000e+00 9.615384615384615641e-01 3.750000000000000000e+00
2.142857142857142794e+00 3.540987577772420902e+00 0.000000000000000000e+00 1.489361702127659504e+00 4.250000000000000000e+00
2.727272727272727071e+00 3.297983334030979208e+00 0.000000000000000000e+00 1.704545454545454364e+00 3.750000000000000000e+00
2.500000000000000000e+00 3.063772134046703233e+00 0.000000000000000000e+00 8.333333333333332593e-01 2.750000000000000000e+00
2.222222222222222321e+00 2.574957811132069452e+00 0.000000000000000000e+00 1.666666666666666519e+00 3.250000000000000000e+00
2.666666666666666519e+00 2.802222199697797400e+00 1.111111111111111160e+00 1.268656716417910557e+00 3.000000000000000000e+00
2.000000000000000000e+00 3.230788682333065598e+00 1.000000000000000000e+00 1.341463414634146423e+00 8.000000000000000444e-01
2.727272727272727071e+00 2.287729251869909053e+00 2.000000000000000000e+00 1.625000000000000000e+00 4.000000000000000222e-01
1.818181818181818121e+00 1.918775794324737660e+00 8.333333333333332593e-01 1.125000000000000000e+00 4.000000000000000222e-01
2.222222222222222321e+00 1.559626993421784347e+00 1.250000000000000000e+00 1.410256410256410131e+00 4.000000000000000222e-01
2.307692307692307487e+00 2.030571444702222728e+00 0.000000000000000000e+00 1.065573770491803129e+00 2.500000000000000000e-01
2.222222222222222321e+00 1.365140528781269014e+00 1.250000000000000000e+00 1.184210526315789380e+00 2.500000000000000000e-01
2.222222222222222321e+00 3.727702057607013231e+00 1.250000000000000000e+00 1.351351351351351315e+00 7.500000000000000000e-01
2.222222222222222321e+00 1.537615135794773158e+00 1.250000000000000000e+00 1.184210526315789380e+00 2.500000000000000000e-01
4.444444444444444642e+00 4.370994425968445896e+00 1.250000000000000000e+00 1.406250000000000000e+00 4.799999999999999822e+00
1.818181818181818121e+00 7.702441566592230782e-01 8.333333333333332593e-01 1.199999999999999956e+00 8.000000000000000444e-01
1.333333333333333259e+00 1.811730379922589007e+00 5.000000000000000000e-01 7.547169811320754151e-01 0.000000000000000000e+00
3.571428571428571619e+00 3.300995144923636104e+00 0.000000000000000000e+00 1.583333333333333259e+00 3.000000000000000000e+00
1.428571428571428603e+00 1.395032654231734170e+00 0.000000000000000000e+00 1.129032258064516014e+00 7.500000000000000000e-01
2.777777777777777679e+00 3.948846477693939594e+00 3.846153846153846367e-01 1.756756756756756799e+00 3.750000000000000000e+00
0.000000000000000000e+00 1.275167955558554889e+00 0.000000000000000000e+00 9.574468085106382365e-01 2.500000000000000000e+00
2.000000000000000000e+00 1.471270482369462451e+00 1.000000000000000000e+00 1.309523809523809534e+00 0.000000000000000000e+00
0.000000000000000000e+00 5.874505416864679308e-01 0.000000000000000000e+00 7.000000000000000666e-01 2.500000000000000000e-01
0.000000000000000000e+00 1.051526902996792856e+00 0.000000000000000000e+00 1.034482758620689724e+00 0.000000000000000000e+00
3.684210526315789380e+00 3.995258199939200949e+00 1.250000000000000000e+00 1.875000000000000000e+00 3.500000000000000000e+00
3.000000000000000000e+00 4.214177665085843572e+00 0.000000000000000000e+00 1.309523809523809534e+00 3.250000000000000000e+00
0.000000000000000000e+00 8.884620147332846773e-01 0.000000000000000000e+00 1.162790697674418672e+00 4.000000000000000222e-01
2.000000000000000000e+00 2.811140072880525587e+00 1.000000000000000000e+00 1.136363636363636243e+00 8.000000000000000444e-01
3.076923076923077094e+00 3.379652103004004537e+00 1.428571428571428381e+00 1.700000000000000178e+00 1.800000000000000044e+00
3.333333333333333481e+00 3.385936512088618677e+00 1.250000000000000000e+00 1.375000000000000000e+00 1.600000000000000089e+00
8.333333333333333703e-01 2.487796821942504177e+00 0.000000000000000000e+00 1.372549019607843146e+00 1.199999999999999956e+00
3.000000000000000000e+00 2.811707265365821939e+00 0.000000000000000000e+00 1.527777777777777901e+00 4.200000000000000178e+00
1.052631578947368363e+00 1.329680099723104636e+00 3.571428571428570953e-01 1.012658227848101333e+00 2.000000000000000111e-01
2.000000000000000000e+00 2.155762604074194844e+00 1.000000000000000000e+00 1.315789473684210398e+00 2.000000000000000111e-01
2.000000000000000000e+00 1.793616740319215141e+00 1.000000000000000000e+00 1.153846153846153966e+00 5.000000000000000000e-01
0.000000000000000000e+00 9.075196227228390367e-01 0.000000000000000000e+00 7.142857142857141906e-01 0.000000000000000000e+00
2.666666666666666519e+00 3.531737567486106233e+00 5.000000000000000000e-01 1.567164179104477695e+00 4.500000000000000000e+00
0.000000000000000000e+00 7.799669349771054527e-01 0.000000000000000000e+00 6.250000000000000000e-01 0.000000000000000000e+00
1.111111111111111160e+00 2.392743921783110572e+00 0.000000000000000000e+00 7.692307692307692735e-01 2.500000000000000000e+00
1.538461538461538547e+00 1.609311408609961358e+00 6.250000000000000000e-01 1.015625000000000000e+00 7.500000000000000000e-01
5.882352941176470784e-01 2.183651361910459610e+00 0.000000000000000000e+00 8.860759493670886666e-01 4.000000000000000000e+00
3.125000000000000000e+00 4.292337776021163620e+00 1.086956521739130377e+00 2.197802197802197988e+00 2.750000000000000000e+00
2.000000000000000000e+00 3.520833199304451711e+00 3.333333333333333148e-01 1.329113924050632889e+00 3.399999999999999911e+00
2.500000000000000000e+00 3.326811765852688563e+00 0.000000000000000000e+00 9.574468085106382365e-01 3.399999999999999911e+00
2.000000000000000000e+00 8.242709115699571321e-01 1.000000000000000000e+00 9.183673469387755306e-01 4.000000000000000222e-01
2.222222222222222321e+00 1.815888408528250508e+00 1.250000000000000000e+00 1.562500000000000000e+00 4.000000000000000222e-01
2.307692307692307487e+00 3.803492521203895471e+00 0.000000000000000000e+00 1.568627450980392135e+00 3.200000000000000178e+00
2.142857142857142794e+00 2.177792471275490360e+00 5.555555555555555802e-01 1.509433962264150830e+00 2.399999999999999911e+00
3.000000000000000000e+00 4.256174762821959945e+00 1.000000000000000000e+00 2.027027027027027195e+00 3.000000000000000000e+00
2.000000000000000000e+00 1.929869553772932678e+00 1.000000000000000000e+00 1.279069767441860517e+00 4.000000000000000222e-01
1.666666666666666741e+00 1.202266220916987205e+00 0.000000000000000000e+00 9.090909090909091717e-01 5.000000000000000000e-01
3.333333333333333481e+00 3.335663545532703278e+00 7.142857142857141906e-01 1.666666666666666519e+00 3.928999999999999826e+00
2.352941176470588314e+00 3.216878394484395720e+00 4.166666666666666297e-01 1.136363636363636243e+00 3.000000000000000000e+00
2.000000000000000000e+00 1.830585170868787692e+00 1.000000000000000000e+00 1.375000000000000000e+00 1.750000000000000000e+00
0.000000000000000000e+00 9.591453664636230281e-01 0.000000000000000000e+00 7.777777777777777901e-01 0.000000000000000000e+00
2.000000000000000000e+00 2.405466615826174603e+00 1.000000000000000000e+00 1.375000000000000000e+00 4.000000000000000222e-01
2.727272727272727071e+00 3.376809680973461347e+00 8.333333333333332593e-01 1.739130434782608647e+00 2.200000000000000178e+00
2.500000000000000000e+00 2.943790668562922264e+00 7.142857142857141906e-01 1.300000000000000044e+00 2.600000000000000089e+00
3.000000000000000000e+00 3.249548254490903343e+00 1.000000000000000000e+00 1.914893617021276473e+00 3.500000000000000000e+00
2.857142857142857206e+00 1.701148013000852499e+00 2.500000000000000000e+00 1.428571428571428381e+00 5.000000000000000000e-01
2.941176470588235503e+00 4.071518239913251236e+00 5.555555555555555802e-01 1.764705882352941346e+00 3.500000000000000000e+00
0.000000000000000000e+00 3.702437268844833707e-01 0.000000000000000000e+00 7.142857142857141906e-01 0.000000000000000000e+00
1.111111111111111160e+00 1.445274562577116839e+00 0.000000000000000000e+00 1.486486486486486625e+00 0.000000000000000000e+00
0.000000000000000000e+00 1.303038842223194660e+00 0.000000000000000000e+00 8.536585365853659457e-01 0.000000000000000000e+00
0.000000000000000000e+00 9.404146588709551002e-01 0.000000000000000000e+00 8.333333333333332593e-01 1.000000000000000000e+00
1.818181818181818121e+00 2.785269319483375305e+00 8.333333333333332593e-01 1.199999999999999956e+00 2.000000000000000000e+00
1.818181818181818121e+00 2.653923503348142532e+00 8.333333333333332593e-01 1.100000000000000089e+00 1.199999999999999956e+00
2.000000000000000000e+00 1.874679772305718028e+00 1.000000000000000000e+00 1.078431372549019773e+00 5.999999999999999778e-01
3.076923076923077094e+00 3.265193167873263302e+00 6.250000000000000000e-01 1.465517241379310276e+00 8.000000000000000444e-01
2.727272727272727071e+00 4.196478668873043993e+00 0.000000000000000000e+00 1.413043478260869401e+00 4.000000000000000000e+00
1.818181818181818121e+00 1.422658479706541135e+00 8.333333333333332593e-01 1.101694915254237239e+00 5.000000000000000000e-01
2.666666666666666519e+00 3.069151978248162216e+00 0.000000000000000000e+00 1.349206349206349076e+00 2.500000000000000000e+00
2.666666666666666519e+00 2.734320580687645830e+00 5.000000000000000000e-01 1.475409836065573632e+00 2.750000000000000000e+00
2.666666666666666519e+00 3.914204070469430086e+00 0.000000000000000000e+00 1.562500000000000000e+00 3.250000000000000000e+00
1.666666666666666741e+00 2.290933265316524192e+00 0.000000000000000000e+00 9.482758620689655249e-01 2.000000000000000000e+00
7.692307692307692735e-01 2.139138240799662860e+00 0.000000000000000000e+00 9.259259259259258190e-01 8.000000000000000444e-01
0.000000000000000000e+00 1.104397546204587188e+00 0.000000000000000000e+00 7.500000000000000000e-01 0.000000000000000000e+00
1.666666666666666741e+00 1.033001694987531804e+00 7.142857142857141906e-01 1.181818181818181879e+00 4.000000000000000222e-01
1.818181818181818121e+00 1.472384269295282877e+00 8.333333333333332593e-01 1.086956521739130377e+00 5.999999999999999778e-01
2.222222222222222321e+00 1.798142201069494739e+00 1.250000000000000000e+00 1.250000000000000000e+00 8.000000000000000444e-01
2.222222222222222321e+00 1.285221963472463091e+00 1.250000000000000000e+00 1.022727272727272707e+00 8.000000000000000444e-01
9.090909090909090606e-01 1.030420918255977147e+00 0.000000000000000000e+00 6.382978723404254540e-01 8.000000000000000444e-01
7.692307692307692735e-01 2.269445482985625873e+00 0.000000000000000000e+00 8.870967741935484874e-01 4.000000000000000222e-01
2.222222222222222321e+00 2.588348780977977270e+00 0.000000000000000000e+00 8.823529411764706731e-01 3.000000000000000000e+00
1.666666666666666741e+00 1.198465360679628944e+00 7.142857142857141906e-01 9.803921568627450567e-01 4.000000000000000222e-01
0.000000000000000000e+00 5.869639222918134891e-01 0.000000000000000000e+00 8.823529411764706731e-01 0.000000000000000000e+00
0.000000000000000000e+00 2.093189220376095783e+00 0.000000000000000000e+00 7.142857142857141906e-01 0.000000000000000000e+00
0.000000000000000000e+00 8.287316656207224241e-01 0.000000000000000000e+00 1.060606060606060552e+00 0.000000000000000000e+00
2.500000000000000000e+00 1.896744681381884456e+00 1.666666666666666519e+00 1.451612903225806495e+00 4.000000000000000222e-01
0.000000000000000000e+00 3.222837785102538599e-01 0.000000000000000000e+00 3.191489361702127270e-01 0.000000000000000000e+00
2.222222222222222321e+00 3.410640219145657515e+00 0.000000000000000000e+00 1.029411764705882248e+00 3.600000000000000089e+00
0.000000000000000000e+00 5.780589523506939331e-01 0.000000000000000000e+00 6.250000000000000000e-01 2.310000000000000109e-01
2.857142857142857206e+00 3.648745491091450965e+00 1.250000000000000000e+00 1.785714285714285809e+00 3.200000000000000178e+00
2.222222222222222321e+00 1.228938822528160557e+00 0.000000000000000000e+00 7.317073170731707155e-01 0.000000000000000000e+00
0.000000000000000000e+00 1.998528059543405178e+00 0.000000000000000000e+00 8.974358974358974672e-01 5.000000000000000000e-01
1.818181818181818121e+00 1.987342619185431314e+00 8.333333333333332593e-01 1.511627906976744207e+00 2.999999999999999889e-01
3.000000000000000000e+00 3.393352814113134830e+00 0.000000000000000000e+00 1.309523809523809534e+00 1.250000000000000000e+00
2.222222222222222321e+00 1.097643691160411716e+00 0.000000000000000000e+00 7.291666666666667407e-01 0.000000000000000000e+00
2.000000000000000000e+00 3.040379494786100256e+00 0.000000000000000000e+00 1.492537313432835688e+00 2.750000000000000000e+00
2.500000000000000000e+00 4.307240358595681329e+00 0.000000000000000000e+00 1.285714285714285587e+00 5.000000000000000000e+00
1.666666666666666741e+00 2.159651497124885910e+00 7.142857142857141906e-01 8.064516129032257563e-01 7.500000000000000000e-01
2.000000000000000000e+00 2.058963508859980251e+00 1.000000000000000000e+00 9.433962264150943522e-01 1.250000000000000000e+00
2.727272727272727071e+00 1.428485250970758846e+00 2.000000000000000000e+00 1.341463414634146423e+00 0.000000000000000000e+00
0.000000000000000000e+00 1.807923760784673650e+00 0.000000000000000000e+00 6.382978723404254540e-01 0.000000000000000000e+00
2.222222222222222321e+00 2.606430100918086801e+00 1.250000000000000000e+00 1.323529411764705843e+00 7.500000000000000000e-01
2.352941176470588314e+00 3.368292177132970355e+00 0.000000000000000000e+00 1.197183098591549255e+00 3.750000000000000000e+00
2.000000000000000000e+00 2.411584556507035071e+00 5.000000000000000000e-01 9.558823529411764053e-01 2.333000000000000185e+00
2.307692307692307487e+00 2.905275344496009993e+00 6.250000000000000000e-01 1.568627450980392135e+00 5.000000000000000000e+00
0.000000000000000000e+00 5.670629833421229060e-01 0.000000000000000000e+00 5.454545454545454142e-01 0.000000000000000000e+00
4.444444444444444642e+00 3.314269433059854109e+00 0.000000000000000000e+00 6.666666666666666297e-01 3.200000000000000178e+00
1.428571428571428603e+00 2.389827580498628201e+00 0.000000000000000000e+00 8.108108108108108558e-01 7.500000000000000000e-01
2.307692307692307487e+00 1.907481204100856198e+00 6.250000000000000000e-01 9.230769230769231282e-01 5.000000000000000000e-01
2.857142857142857206e+00 2.835536400301537086e+00 5.555555555555555802e-01 1.595744680851063801e+00 2.500000000000000000e+00
1.000000000000000000e+00 2.615018413648479534e+00 0.000000000000000000e+00 1.444444444444444198e+00 1.750000000000000000e+00
3.636363636363636243e+00 4.278870108673653583e+00 0.000000000000000000e+00 1.625000000000000000e+00 4.000000000000000000e+00
0.000000000000000000e+00 1.057757270431237462e+00 0.000000000000000000e+00 9.183673469387755306e-01 0.000000000000000000e+00
2.000000000000000000e+00 1.362529392156575092e+00 1.000000000000000000e+00 1.153846153846153966e+00 1.332999999999999963e+00
1.666666666666666741e+00 3.098520222427860737e+00 7.142857142857141906e-01 1.018518518518518379e+00 4.599999999999999645e+00
2.857142857142857206e+00 2.661362978320683581e+00 0.000000000000000000e+00 1.129032258064516014e+00 4.000000000000000000e+00
1.428571428571428603e+00 2.568342380307004458e+00 0.000000000000000000e+00 6.250000000000000000e-01 1.199999999999999956e+00
1.666666666666666741e+00 3.689826282613739572e+00 0.000000000000000000e+00 1.413043478260869401e+00 4.200000000000000178e+00
2.666666666666666519e+00 3.763654254342669869e+00 5.000000000000000000e-01 1.759259259259259300e+00 3.799999999999999822e+00
2.500000000000000000e+00 3.384658699379548885e+00 0.000000000000000000e+00 1.222222222222222099e+00 3.000000000000000000e+00
1.818181818181818121e+00 1.567340813913897790e+00 8.333333333333332593e-01 1.413043478260869401e+00 2.000000000000000111e-01
2.727272727272727071e+00 2.520081562422014532e+00 0.000000000000000000e+00 1.226415094339622591e+00 3.000000000000000000e+00
1.666666666666666741e+00 3.008995605215289526e+00 7.142857142857141906e-01 1.000000000000000000e+00 2.200000000000000178e+00
7.692307692307692735e-01 2.916584727701634350e+00 0.000000000000000000e+00 7.936507936507936067e-01 1.399999999999999911e+00
1.428571428571428603e+00 1.576001431820074572e+00 5.555555555555555802e-01 1.120689655172413701e+00 0.000000000000000000e+00
3.750000000000000000e+00 3.538628943333527843e+00 0.000000000000000000e+00 1.351351351351351315e+00 2.799999999999999822e+00
2.500000000000000000e+00 3.410231735032111633e+00 4.545454545454545858e-01 1.774193548387096975e+00 3.799999999999999822e+00
2.941176470588235503e+00 3.658351162123893996e+00 4.166666666666666297e-01 1.370967741935483764e+00 3.799999999999999822e+00
3.333333333333333481e+00 3.404429936154464542e+00 0.000000000000000000e+00 8.333333333333332593e-01 4.400000000000000355e+00
0.000000000000000000e+00 7.407846557158235257e-01 0.000000000000000000e+00 6.363636363636362425e-01 0.000000000000000000e+00
1.250000000000000000e+00 2.563780187420025669e+00 0.000000000000000000e+00 1.129032258064516014e+00 3.000000000000000000e+00
1.428571428571428603e+00 1.524815610077615569e+00 5.555555555555555802e-01 7.812500000000000000e-01 5.000000000000000000e-01
2.173913043478260754e+00 3.341437141415513956e+00 2.777777777777777901e-01 8.227848101265822223e-01 2.750000000000000000e+00
2.500000000000000000e+00 3.298556130777692275e+00 0.000000000000000000e+00 6.521739130434782705e-01 1.750000000000000000e+00
0.000000000000000000e+00 5.777803248095165767e-01 0.000000000000000000e+00 7.608695652173913526e-01 0.000000000000000000e+00
0.000000000000000000e+00 7.263978610924959334e-01 0.000000000000000000e+00 5.319148936170212671e-01 0.000000000000000000e+00
2.727272727272727071e+00 3.060566112107727665e+00 8.333333333333332593e-01 1.170212765957446832e+00 1.000000000000000000e+00
1.333333333333333259e+00 2.523776546000751964e+00 0.000000000000000000e+00 5.555555555555555802e-01 1.800000000000000044e+00
1.176470588235294157e+00 2.762185439547958588e+00 0.000000000000000000e+00 1.136363636363636243e+00 1.600000000000000089e+00
2.222222222222222321e+00 2.591318780408272460e+00 3.846153846153846367e-01 1.219512195121951192e+00 2.333000000000000185e+00
2.142857142857142794e+00 3.230815642268237031e+00 5.555555555555555802e-01 1.140350877192982448e+00 2.000000000000000000e+00
0.000000000000000000e+00 1.204683669620823849e+00 0.000000000000000000e+00 6.122448979591836871e-01 3.330000000000000182e-01
1.428571428571428603e+00 2.312962579810362573e+00 0.000000000000000000e+00 9.722222222222222099e-01 1.000000000000000000e+00
1.428571428571428603e+00 1.271609086109677600e+00 0.000000000000000000e+00 8.333333333333332593e-01 0.000000000000000000e+00
0.000000000000000000e+00 1.103220076100217772e+00 0.000000000000000000e+00 6.451612903225806273e-01 0.000000000000000000e+00
1.666666666666666741e+00 3.624566858198211783e+00 0.000000000000000000e+00 1.230769230769230838e+00 3.000000000000000000e+00
1.333333333333333259e+00 2.720183366680396730e+00 0.000000000000000000e+00 1.119402985074626988e+00 1.500000000000000000e+00
1.428571428571428603e+00 1.037950967795868706e+00 5.555555555555555802e-01 6.896551724137931494e-01 4.000000000000000222e-01
2.142857142857142794e+00 1.396443223178036819e+00 5.555555555555555802e-01 9.259259259259258190e-01 4.000000000000000222e-01
1.666666666666666741e+00 1.891498115930948520e+00 0.000000000000000000e+00 8.000000000000000444e-01 2.799999999999999822e+00
0.000000000000000000e+00 1.181039232884607326e+00 0.000000000000000000e+00 7.843137254901960675e-01 1.670000000000000095e-01
0.000000000000000000e+00 1.179138421802454317e+00 0.000000000000000000e+00 6.603773584905660021e-01 5.000000000000000000e-01
1.818181818181818121e+00 3.668266751899266431e+00 0.000000000000000000e+00 1.136363636363636243e+00 3.250000000000000000e+00
1.111111111111111160e+00 1.251551927137574127e+00 0.000000000000000000e+00 7.446808510638297518e-01 0.000000000000000000e+00
0.000000000000000000e+00 1.073691194402467630e+00 0.000000000000000000e+00 1.000000000000000000e+00 0.000000000000000000e+00
0.000000000000000000e+00 7.669475416616200469e-01 0.000000000000000000e+00 6.382978723404254540e-01 0.000000000000000000e+00
0.000000000000000000e+00 1.144618040648405000e+00 0.000000000000000000e+00 6.250000000000000000e-01 0.000000000000000000e+00
2.222222222222222321e+00 8.940231574228608702e-01 1.250000000000000000e+00 1.184210526315789380e+00 4.000000000000000222e-01
0.000000000000000000e+00 1.406520234814143899e+00 0.000000000000000000e+00 7.317073170731707155e-01 0.000000000000000000e+00
0.000000000000000000e+00 7.532362200633211380e-01 0.000000000000000000e+00 6.097560975609755962e-01 1.000000000000000000e+00
2.000000000000000000e+00 3.645709167308891274e+00 0.000000000000000000e+00 1.461538461538461675e+00 1.250000000000000000e+00
1.250000000000000000e+00 1.222184515401604887e+00 0.000000000000000000e+00 5.714285714285713969e-01 2.500000000000000000e-01
2.727272727272727071e+00 4.181549854210848238e+00 0.000000000000000000e+00 1.904761904761904656e+00 4.250000000000000000e+00
0.000000000000000000e+00 7.939634743652014270e-01 0.000000000000000000e+00 2.777777777777777901e-01 1.179999999999999938e-01
0.000000000000000000e+00 1.331679242103794625e+00 0.000000000000000000e+00 1.041666666666666741e+00 1.000000000000000000e+00
1.538461538461538547e+00 7.215938463699228533e-01 0.000000000000000000e+00 3.773584905660377076e-01 4.000000000000000222e-01
0.000000000000000000e+00 1.049400968081097396e+00 0.000000000000000000e+00 1.219512195121951192e+00 0.000000000000000000e+00
0.000000000000000000e+00 6.690357862674618517e-01 0.000000000000000000e+00 6.666666666666666297e-01 0.000000000000000000e+00
9.090909090909090606e-01 2.630437131799763240e+00 0.000000000000000000e+00 6.896551724137931494e-01 2.500000000000000000e+00
1.666666666666666741e+00 1.230928695443374465e+00 7.142857142857141906e-01 8.928571428571429047e-01 7.500000000000000000e-01
3.333333333333333481e+00 4.117127693123317833e+00 0.000000000000000000e+00 1.333333333333333259e+00 3.000000000000000000e+00
1.428571428571428603e+00 2.296131688714147856e+00 5.555555555555555802e-01 1.190476190476190466e+00 1.600000000000000089e+00
2.500000000000000000e+00 2.878776688307591591e+00 0.000000000000000000e+00 8.695652173913043237e-01 2.600000000000000089e+00
1.666666666666666741e+00 3.150308235513161748e+00 0.000000000000000000e+00 6.250000000000000000e-01 2.600000000000000089e+00
0.000000000000000000e+00 6.509685366487206748e-01 0.000000000000000000e+00 5.208333333333333703e-01 0.000000000000000000e+00
0.000000000000000000e+00 9.205968771548542762e-01 0.000000000000000000e+00 7.608695652173913526e-01 0.000000000000000000e+00
0.000000000000000000e+00 1.568882364177629718e+00 0.000000000000000000e+00 5.813953488372093359e-01 0.000000000000000000e+00
3.000000000000000000e+00 4.224782315600360327e+00 0.000000000000000000e+00 1.444444444444444198e+00 4.250000000000000000e+00
0.000000000000000000e+00 1.267756100874415592e+00 0.000000000000000000e+00 4.807692307692307820e-01 0.000000000000000000e+00
0.000000000000000000e+00 8.178903089194806686e-01 0.000000000000000000e+00 4.054054054054054279e-01 0.000000000000000000e+00
0.000000000000000000e+00 2.274217662808679652e+00 0.000000000000000000e+00 5.319148936170212671e-01 1.000000000000000000e+00
0.000000000000000000e+00 1.239792727457788901e+00 0.000000000000000000e+00 6.521739130434782705e-01 0.000000000000000000e+00
1.764705882352941124e+00 3.088817700788922593e+00 0.000000000000000000e+00 1.159420289855072506e+00 3.500000000000000000e+00
1.111111111111111160e+00 2.629395819172660076e+00 0.000000000000000000e+00 4.878048780487804770e-01 2.399999999999999911e+00
1.666666666666666741e+00 2.051852129111396472e+00 0.000000000000000000e+00 1.000000000000000000e+00 2.600000000000000089e+00
2.222222222222222321e+00 1.267698233340784242e+00 1.250000000000000000e+00 1.222222222222222099e+00 5.999999999999999778e-01
0.000000000000000000e+00 1.432558401212010724e+00 0.000000000000000000e+00 4.901960784313725283e-01 1.000000000000000056e-01
0.000000000000000000e+00 9.500078760390084920e-01 0.000000000000000000e+00 6.896551724137931494e-01 0.000000000000000000e+00
2.142857142857142794e+00 2.868243318029410460e+00 0.000000000000000000e+00 9.230769230769231282e-01 3.750000000000000000e+00
0.000000000000000000e+00 9.688456522680355398e-01 0.000000000000000000e+00 8.196721311475408944e-01 0.000000000000000000e+00
0.000000000000000000e+00 6.342565771082714354e-01 0.000000000000000000e+00 6.976744186046511809e-01 0.000000000000000000e+00
1.818181818181818121e+00 1.301910344494560112e+00 8.333333333333332593e-01 1.025641025641025550e+00 4.000000000000000222e-01
1.428571428571428603e+00 1.313289382271183303e+00 0.000000000000000000e+00 7.575757575757575690e-01 4.000000000000000222e-01
1.333333333333333259e+00 1.963244037872392322e+00 5.000000000000000000e-01 1.166666666666666741e+00 2.600000000000000089e+00
3.000000000000000000e+00 2.758898114266469470e+00 0.000000000000000000e+00 1.046511627906976827e+00 2.000000000000000000e+00
2.142857142857142794e+00 3.061024276335002181e+00 5.555555555555555802e-01 1.397058823529411686e+00 1.750000000000000000e+00
2.000000000000000000e+00 2.833333513619495037e+00 0.000000000000000000e+00 1.212121212121212155e+00 3.750000000000000000e+00
0.000000000000000000e+00 6.359118482456138643e-01 0.000000000000000000e+00 3.846153846153846367e-01 0.000000000000000000e+00
2.222222222222222321e+00 1.080175624395106837e+00 1.250000000000000000e+00 1.029411764705882248e+00 7.500000000000000000e-01
0.000000000000000000e+00 4.952964035403153442e-01 0.000000000000000000e+00 3.947368421052631637e-01 0.000000000000000000e+00
2.500000000000000000e+00 1.133630841414123847e+00 0.000000000000000000e+00 5.263157894736841813e-01 0.000000000000000000e+00
3.846153846153846256e+00 3.460382331588287563e+00 0.000000000000000000e+00 8.928571428571429047e-01 4.000000000000000000e+00
1.666666666666666741e+00 7.302158485130150201e-01 7.142857142857141906e-01 7.291666666666667407e-01 0.000000000000000000e+00
1.538461538461538547e+00 1.111409725599010301e+00 6.250000000000000000e-01 6.521739130434782705e-01 8.000000000000000444e-01
2.608695652173913082e+00 3.789654654697711678e+00 2.777777777777777901e-01 1.333333333333333259e+00 3.399999999999999911e+00
2.000000000000000000e+00 2.469852334731037935e+00 0.000000000000000000e+00 1.216216216216216228e+00 3.100000000000000089e+00
0.000000000000000000e+00 6.302929775133145895e-01 0.000000000000000000e+00 3.488372093023255904e-01 0.000000000000000000e+00
2.500000000000000000e+00 3.576695594143322499e+00 0.000000000000000000e+00 1.100000000000000089e+00 2.750000000000000000e+00
0.000000000000000000e+00 1.737513364690492335e+00 0.000000000000000000e+00 6.603773584905660021e-01 2.000000000000000000e+00
0.000000000000000000e+00 6.906152847448900900e-01 0.000000000000000000e+00 6.481481481481481399e-01 2.500000000000000000e-01
7.692307692307692735e-01 3.137484533418032129e+00 0.000000000000000000e+00 9.016393442622950838e-01 2.692000000000000171e+00
3.333333333333333481e+00 3.534299542637180380e+00 0.000000000000000000e+00 1.097560975609756184e+00 3.333000000000000185e+00
3.333333333333333481e+00 3.883590372372496269e+00 0.000000000000000000e+00 9.523809523809523281e-01 3.000000000000000000e+00
1.111111111111111160e+00 9.736470917766324451e-01 0.000000000000000000e+00 5.681818181818181213e-01 6.670000000000000373e-01
2.142857142857142794e+00 2.963269667311305255e+00 0.000000000000000000e+00 1.057692307692307709e+00 3.500000000000000000e+00
3.076923076923077094e+00 3.618619899897719261e+00 6.250000000000000000e-01 1.274509803921568540e+00 4.429000000000000270e+00
3.333333333333333481e+00 4.720370959850132664e+00 0.000000000000000000e+00 2.093023255813953654e+00 5.000000000000000000e+00
9.090909090909090606e-01 1.786675140814975027e+00 0.000000000000000000e+00 4.000000000000000222e-01 3.200000000000000178e+00
1.250000000000000000e+00 1.582113550955542847e+00 0.000000000000000000e+00 6.060606060606060774e-01 3.330000000000000182e-01
2.352941176470588314e+00 1.774813578430265437e+00 0.000000000000000000e+00 8.450704225352112520e-01 3.333000000000000185e+00
1.818181818181818121e+00 2.696687885848014776e+00 0.000000000000000000e+00 1.111111111111111160e+00 3.333000000000000185e+00
9.090909090909090606e-01 9.258508376609954071e-01 0.000000000000000000e+00 8.163265306122448051e-01 1.000000000000000000e+00
1.666666666666666741e+00 6.071407234142163212e-01 0.000000000000000000e+00 6.862745098039215730e-01 1.880000000000000004e-01
1.578947368421052655e+00 2.720206850747357574e+00 0.000000000000000000e+00 1.013513513513513598e+00 2.200000000000000178e+00
0.000000000000000000e+00 1.559076581896775338e+00 0.000000000000000000e+00 6.578947368421051989e-01 0.000000000000000000e+00
0.000000000000000000e+00 1.940826689330158450e+00 0.000000000000000000e+00 7.031250000000000000e-01 0.000000000000000000e+00
1.176470588235294157e+00 1.427136908796342141e+00 4.166666666666666297e-01 8.227848101265822223e-01 4.000000000000000222e-01
0.000000000000000000e+00 1.062165553078630031e+00 0.000000000000000000e+00 3.703703703703703498e-01 0.000000000000000000e+00
1.818181818181818121e+00 1.240497283761014646e+00 8.333333333333332593e-01 7.500000000000000000e-01 2.500000000000000000e-01
2.222222222222222321e+00 3.292242039321871871e+00 0.000000000000000000e+00 6.666666666666666297e-01 2.250000000000000000e+00
0.000000000000000000e+00 1.844420647290332393e+00 0.000000000000000000e+00 4.687500000000000000e-01 2.500000000000000000e-01
1.250000000000000000e+00 1.373968492192103596e+00 4.545454545454545858e-01 6.250000000000000000e-01 8.000000000000000444e-01
3.636363636363636243e+00 2.952335930812996612e+00 0.000000000000000000e+00 7.446808510638297518e-01 2.600000000000000089e+00
2.222222222222222321e+00 1.586866519919619023e+00 1.250000000000000000e+00 9.782608695652174058e-01 1.199999999999999956e+00
2.666666666666666519e+00 3.728781124524394031e+00 0.000000000000000000e+00 1.000000000000000000e+00 3.200000000000000178e+00
2.173913043478260754e+00 3.084165765430533668e+00 2.777777777777777901e-01 9.278350515463917869e-01 1.399999999999999911e+00
0.000000000000000000e+00 2.380011193449485529e-01 0.000000000000000000e+00 7.291666666666667407e-01 3.639999999999999902e-01
0.000000000000000000e+00 8.960516107002129971e-01 0.000000000000000000e+00 4.716981132075471761e-01 2.000000000000000111e-01
1.875000000000000000e+00 3.056219931074748430e+00 0.000000000000000000e+00 6.081081081081081141e-01 2.750000000000000000e+00
2.500000000000000000e+00 2.506993340235097012e+00 1.666666666666666519e+00 1.060606060606060552e+00 3.200000000000000178e+00
2.000000000000000000e+00 1.822198306158925307e+00 0.000000000000000000e+00 8.333333333333332593e-01 5.999999999999999778e-01
1.666666666666666741e+00 3.400732301067648677e+00 0.000000000000000000e+00 9.433962264150943522e-01 3.799999999999999822e+00
2.222222222222222321e+00 3.199693202885447452e+00 0.000000000000000000e+00 8.641975308641974829e-01 3.399999999999999911e+00
2.857142857142857206e+00 2.957436580123622871e+00 6.666666666666666297e-01 1.049382716049382713e+00 1.500000000000000000e+00
2.727272727272727071e+00 3.650711327538611606e+00 0.000000000000000000e+00 7.142857142857141906e-01 2.500000000000000000e+00
0.000000000000000000e+00 8.665845097163378252e-01 0.000000000000000000e+00 5.952380952380952328e-01 0.000000000000000000e+00
2.333333333333333481e+00 2.582545821511135209e+00 2.000000000000000111e-01 1.778846153846153966e+00 5.000000000000000000e+00
2.380952380952380931e+00 3.200787544064669365e+00 3.125000000000000000e-01 9.876543209876542662e-01 4.333000000000000185e+00
1.111111111111111160e+00 2.313511894905029731e+00 0.000000000000000000e+00 6.666666666666666297e-01 1.332999999999999963e+00
9.090909090909090606e-01 1.605089333955652009e+00 0.000000000000000000e+00 5.434782608695651884e-01 3.330000000000000182e-01
9.090909090909090606e-01 1.449603961400435237e+00 0.000000000000000000e+00 4.901960784313725283e-01 3.333000000000000185e+00
2.380952380952380931e+00 3.194643883946347351e+00 3.125000000000000000e-01 1.302083333333333481e+00 4.200000000000000178e+00
1.000000000000000000e+00 2.660262968886662804e+00 0.000000000000000000e+00 8.999999999999999112e-01 8.000000000000000444e-01
2.000000000000000000e+00 1.596951233636072054e+00 0.000000000000000000e+00 5.660377358490565891e-01 1.000000000000000000e+00
0.000000000000000000e+00 1.723891589749760311e-01 0.000000000000000000e+00 4.545454545454545858e-01 0.000000000000000000e+00
1.666666666666666741e+00 2.379755564821483205e+00 0.000000000000000000e+00 5.263157894736841813e-01 2.799999999999999822e+00
1.818181818181818121e+00 2.084644188217088523e+00 0.000000000000000000e+00 8.490566037735848282e-01 1.500000000000000000e+00
0.000000000000000000e+00 1.138407978477655735e+00 0.000000000000000000e+00 4.687500000000000000e-01 0.000000000000000000e+00
0.000000000000000000e+00 1.985482897905498145e+00 0.000000000000000000e+00 4.411764705882353366e-01 0.000000000000000000e+00
5.263157894736841813e-01 1.419407710706712233e+00 0.000000000000000000e+00 4.545454545454545858e-01 5.999999999999999778e-01
1.111111111111111160e+00 2.863577820644507277e+00 0.000000000000000000e+00 7.692307692307692735e-01 1.199999999999999956e+00
0.000000000000000000e+00 9.861885752382335557e-01 0.000000000000000000e+00 7.692307692307692735e-01 0.000000000000000000e+00
0.000000000000000000e+00 1.049414247642364240e+00 0.000000000000000000e+00 4.444444444444444753e-01 0.000000000000000000e+00
1.818181818181818121e+00 3.085371836759943420e+00 0.000000000000000000e+00 9.375000000000000000e-01 3.000000000000000000e+00
0.000000000000000000e+00 1.263463232637737743e+00 0.000000000000000000e+00 2.941176470588235392e-01 0.000000000000000000e+00
0.000000000000000000e+00 1.753846724671026536e+00 0.000000000000000000e+00 8.333333333333332593e-01 5.999999999999999778e-01
2.727272727272727071e+00 3.040090153080607038e+00 8.333333333333332593e-01 9.803921568627450567e-01 1.000000000000000000e+00
9.090909090909090606e-01 2.739445372185404626e+00 0.000000000000000000e+00 6.481481481481481399e-01 1.750000000000000000e+00
1.818181818181818121e+00 1.140400942381088356e+00 0.000000000000000000e+00 4.464285714285714524e-01 0.000000000000000000e+00
8.333333333333333703e-01 7.927221236518438019e-01 0.000000000000000000e+00 5.084745762711864181e-01 0.000000000000000000e+00
0.000000000000000000e+00 2.365513449457616602e-02 0.000000000000000000e+00 7.894736842105263275e-01 0.000000000000000000e+00
1.818181818181818121e+00 2.693210009808773453e+00 8.333333333333332593e-01 1.052631578947368363e+00 1.000000000000000000e+00
6.666666666666666297e-01 2.398568852183267541e+00 0.000000000000000000e+00 8.064516129032257563e-01 0.000000000000000000e+00
8.333333333333333703e-01 2.039809244300423874e+00 0.000000000000000000e+00 5.882352941176470784e-01 3.500000000000000000e+00
0.000000000000000000e+00 6.856480638049082810e-01 0.000000000000000000e+00 4.861111111111111049e-01 0.000000000000000000e+00
0.000000000000000000e+00 7.574005663530816168e-01 0.000000000000000000e+00 6.756756756756756577e-01 0.000000000000000000e+00
0.000000000000000000e+00 1.029524087091088447e+00 0.000000000000000000e+00 1.234567901234567833e-01 0.000000000000000000e+00
2.222222222222222321e+00 3.053125430435319476e+00 8.333333333333332593e-01 1.582278481012658222e+00 2.750000000000000000e+00
2.352941176470588314e+00 3.347972282406490585e+00 4.166666666666666297e-01 1.089743589743589869e+00 2.500000000000000000e+00
3.846153846153846256e+00 3.027980489753316462e+00 0.000000000000000000e+00 6.451612903225806273e-01 3.399999999999999911e+00
3.571428571428571619e+00 3.936310738246896257e+00 0.000000000000000000e+00 1.071428571428571397e+00 2.200000000000000178e+00
8.333333333333333703e-01 2.102211740719272193e+00 0.000000000000000000e+00 5.555555555555555802e-01 1.800000000000000044e+00
1.538461538461538547e+00 1.381905470926645840e+00 0.000000000000000000e+00 8.035714285714286031e-01 0.000000000000000000e+00
1.000000000000000000e+00 1.609026428399329856e+00 0.000000000000000000e+00 5.208333333333333703e-01 7.500000000000000000e-01
1.818181818181818121e+00 1.475806560635672948e+00 0.000000000000000000e+00 5.681818181818181213e-01 0.000000000000000000e+00
2.222222222222222321e+00 1.410251823641715418e+00 0.000000000000000000e+00 2.083333333333333148e-01 0.000000000000000000e+00
0.000000000000000000e+00 7.110813327417122576e-01 0.000000000000000000e+00 0.000000000000000000e+00 0.000000000000000000e+00
9.090909090909090606e-01 2.285554651094250378e+00 0.000000000000000000e+00 4.081632653061224025e-01 0.000000000000000000e+00
1.250000000000000000e+00 1.904557439843711508e-01 0.000000000000000000e+00 3.658536585365853577e-01 0.000000000000000000e+00
1.250000000000000000e+00 1.398537139794129525e+00 0.000000000000000000e+00 4.761904761904761640e-01 0.000000000000000000e+00
1.250000000000000000e+00 2.061970131088477931e+00 0.000000000000000000e+00 6.756756756756756577e-01 8.000000000000000444e-01
