4.444444444444444642e+00 4.694988489621197303e+00 2.000000000000000000e+00 3.482142857142856762e+00
5.000000000000000000e+00 5.000000000000000000e+00 5.000000000000000000e+00 2.543859649122807376e+00
4.375000000000000000e+00 4.606657539828804993e+00 2.500000000000000000e+00 3.584905660377358139e+00
4.375000000000000000e+00 4.853891159216242812e+00 2.500000000000000000e+00 2.301587301587301404e+00
3.684210526315789380e+00 4.403922950395411817e+00 2.500000000000000000e+00 3.515625000000000000e+00
5.000000000000000000e+00 4.999999999999998224e+00 5.000000000000000000e+00 2.049180327868852736e+00
4.285714285714285587e+00 4.375511797165300365e+00 1.250000000000000000e+00 3.035714285714285587e+00
4.545454545454545858e+00 4.328836016800638120e+00 2.000000000000000000e+00 3.522727272727272929e+00
5.000000000000000000e+00 4.999999999999999112e+00 5.000000000000000000e+00 2.142857142857142794e+00
4.615384615384614975e+00 4.422547595059420189e+00 1.428571428571428381e+00 3.367346938775510168e+00
5.000000000000000000e+00 4.655602239881488913e+00 0.000000000000000000e+00 2.934782608695652328e+00
4.375000000000000000e+00 4.558639386845192654e+00 1.666666666666666519e+00 3.070175438596491446e+00
4.545454545454545858e+00 4.700497267807211443e+00 3.750000000000000000e+00 3.958333333333333037e+00
5.000000000000000000e+00 4.907661967116943913e+00 5.000000000000000000e+00 3.285714285714285587e+00
5.000000000000000000e+00 4.815821867800249123e+00 1.666666666666666519e+00 3.750000000000000000e+00
4.166666666666666963e+00 4.339323668104542620e+00 1.666666666666666519e+00 2.888888888888888395e+00
2.857142857142857206e+00 3.932729908534989605e+00 2.142857142857142794e+00 2.553191489361701816e+00
3.846153846153846256e+00 4.656101726809278141e+00 2.500000000000000000e+00 3.510638297872340274e+00
4.375000000000000000e+00 4.805888259675540120e+00 4.545454545454545858e-01 2.651515151515151381e+00
4.615384615384614975e+00 4.878426941965138042e+00 2.500000000000000000e+00 1.967213114754098324e+00
4.210526315789473450e+00 4.760158499200894511e+00 1.818181818181818343e+00 3.283582089552238958e+00
4.285714285714285587e+00 4.529020726320732493e+00 2.142857142857142794e+00 2.738095238095238138e+00
2.666666666666666519e+00 3.999213340852549425e+00 1.875000000000000000e+00 2.500000000000000000e+00
4.117647058823528994e+00 4.127217680341414230e+00 2.222222222222222321e+00 2.661290322580645018e+00
3.333333333333333481e+00 4.549523833954767227e+00 1.363636363636363535e+00 2.363636363636363757e+00
4.285714285714285587e+00 4.566441893489880499e+00 2.142857142857142794e+00 2.738095238095238138e+00
4.000000000000000000e+00 4.210357048581075290e+00 0.000000000000000000e+00 2.843137254901960453e+00
3.636363636363636243e+00 4.099788430750511026e+00 2.000000000000000000e+00 3.000000000000000000e+00
4.375000000000000000e+00 4.757085690908261277e+00 3.571428571428571619e+00 2.424242424242424310e+00
3.571428571428571619e+00 4.456755312737753272e+00 1.250000000000000000e+00 1.833333333333333259e+00
3.333333333333333481e+00 4.057708596315890759e+00 8.333333333333332593e-01 2.741935483870967527e+00
4.285714285714285587e+00 4.397606632240371738e+00 2.142857142857142794e+00 2.796610169491525077e+00
3.333333333333333481e+00 4.623865773854793026e+00 1.875000000000000000e+00 2.555555555555555358e+00
3.846153846153846256e+00 4.503553833340607326e+00 6.250000000000000000e-01 3.148148148148148362e+00
4.117647058823528994e+00 4.474877369533485805e+00 3.125000000000000000e+00 3.046875000000000000e+00
4.615384615384614975e+00 4.879252139832232160e+00 2.500000000000000000e+00 1.634615384615384581e+00
4.375000000000000000e+00 4.734424599918344079e+00 2.500000000000000000e+00 2.982456140350877138e+00
4.166666666666666963e+00 4.327922209276252374e+00 1.666666666666666519e+00 2.717391304347826164e+00
3.529411764705882248e+00 4.194008916183240565e+00 1.500000000000000000e+00 2.539682539682539542e+00
3.571428571428571619e+00 4.033951577149692547e+00 1.250000000000000000e+00 2.872340425531914931e+00
3.125000000000000000e+00 3.961677275098635320e+00 1.666666666666666519e+00 2.187500000000000000e+00
4.736842105263157521e+00 4.630068379490112740e+00 2.500000000000000000e+00 2.867647058823528994e+00
4.166666666666666963e+00 3.546917323370912367e+00 1.666666666666666519e+00 2.000000000000000000e+00
4.545454545454545858e+00 3.590135817706406662e+00 0.000000000000000000e+00 2.100000000000000089e+00
3.529411764705882248e+00 4.157302588176405855e+00 1.500000000000000000e+00 2.569444444444444198e+00
4.000000000000000000e+00 4.254502790680857238e+00 5.000000000000000000e-01 2.222222222222222321e+00
2.777777777777777679e+00 3.494799015860224678e+00 3.846153846153846367e-01 2.187500000000000000e+00
3.750000000000000000e+00 4.020079324692014566e+00 2.500000000000000000e+00 2.459016393442623016e+00
4.117647058823528994e+00 4.306126098498524790e+00 1.500000000000000000e+00 2.903225806451612989e+00
3.125000000000000000e+00 4.241205426843706050e+00 4.545454545454545858e-01 1.904761904761904656e+00
3.333333333333333481e+00 3.094763405332452422e+00 1.111111111111111160e+00 1.838235294117647189e+00
2.142857142857142794e+00 3.406560775372300842e+00 5.555555555555555802e-01 2.169811320754717165e+00
3.000000000000000000e+00 3.495585967363862956e+00 1.000000000000000000e+00 2.666666666666666519e+00
4.375000000000000000e+00 4.477911170638769534e+00 0.000000000000000000e+00 2.767857142857143238e+00
3.666666666666666519e+00 4.522584398206213940e+00 1.500000000000000000e+00 2.675438596491228171e+00
4.210526315789473450e+00 4.570074873103669333e+00 7.692307692307692735e-01 1.418918918918918859e+00
3.333333333333333481e+00 4.229148204817986922e+00 1.363636363636363535e+00 2.285714285714285587e+00
3.333333333333333481e+00 3.123459802947796682e+00 0.000000000000000000e+00 1.886792452830188704e+00
3.846153846153846256e+00 4.639943052595280726e+00 1.428571428571428381e+00 2.500000000000000000e+00
2.666666666666666519e+00 4.106020270417673146e+00 1.111111111111111160e+00 1.967213114754098324e+00
3.333333333333333481e+00 4.380757275069184331e+00 8.333333333333332593e-01 1.949152542372881491e+00
2.777777777777777679e+00 3.017961624684427413e+00 8.333333333333332593e-01 1.883116883116883189e+00
5.384615384615385025e+00 4.158947133888045045e+00 1.428571428571428381e+00 3.200000000000000178e+00
3.333333333333333481e+00 3.097254066921841797e+00 1.666666666666666519e+00 2.105263157894736725e+00
4.166666666666666963e+00 4.466918122900746191e+00 0.000000000000000000e+00 2.125000000000000000e+00
2.380952380952380931e+00 4.290538355811621685e+00 3.125000000000000000e-01 1.842105263157894690e+00
2.727272727272727071e+00 3.299839678947293464e+00 0.000000000000000000e+00 1.296296296296296280e+00
3.333333333333333481e+00 3.934849839555777606e+00 1.111111111111111160e+00 1.052631578947368363e+00
3.076923076923077094e+00 3.694684649334035953e+00 0.000000000000000000e+00 1.940298507462686617e+00
2.500000000000000000e+00 3.264682494555026793e+00 0.000000000000000000e+00 1.388888888888888840e+00
4.285714285714285587e+00 4.517681390548225373e+00 5.555555555555555802e-01 2.796610169491525077e+00
1.538461538461538547e+00 3.131438019467329248e+00 0.000000000000000000e+00 1.283783783783783772e+00
1.176470588235294157e+00 2.782650148243013710e+00 0.000000000000000000e+00 1.130952380952380931e+00
4.666666666666666963e+00 4.853187205402117677e+00 1.875000000000000000e+00 3.114754098360656087e+00
3.750000000000000000e+00 4.221483200517825551e+00 1.000000000000000000e+00 1.875000000000000000e+00
3.750000000000000000e+00 4.303908849839175765e+00 4.545454545454545858e-01 1.538461538461538547e+00
3.750000000000000000e+00 4.086667191700397161e+00 1.666666666666666519e+00 1.265822784810126667e+00
2.222222222222222321e+00 4.078638810712540419e+00 8.333333333333332593e-01 1.478873239436619746e+00
2.000000000000000000e+00 2.618967410492923253e+00 0.000000000000000000e+00 1.018518518518518379e+00
2.500000000000000000e+00 3.094106384452368630e+00 1.000000000000000000e+00 1.419753086419752952e+00
3.846153846153846256e+00 3.142459929689561005e+00 6.250000000000000000e-01 1.785714285714285809e+00
1.904761904761904656e+00 3.058895315202168508e+00 6.666666666666666297e-01 1.111111111111111160e+00
2.352941176470588314e+00 2.115647157928782551e+00 4.166666666666666297e-01 1.369047619047619069e+00
2.000000000000000000e+00 3.385966539298694400e+00 0.000000000000000000e+00 7.831325301204818956e-01
2.352941176470588314e+00 3.290599490668611793e+00 9.090909090909091717e-01 1.083333333333333481e+00
2.941176470588235503e+00 3.737030507075327357e+00 0.000000000000000000e+00 1.408450704225352235e+00
1.666666666666666741e+00 3.552692602953845480e+00 7.142857142857141906e-01 8.620689655172414367e-01
1.578947368421052655e+00 2.984899214117745281e+00 0.000000000000000000e+00 9.615384615384615641e-01
1.111111111111111160e+00 2.376028008002016634e+00 0.000000000000000000e+00 4.901960784313725283e-01
2.307692307692307487e+00 3.274021781881347515e+00 1.428571428571428381e+00 1.590909090909090828e+00
2.000000000000000000e+00 3.264088880266030834e+00 0.000000000000000000e+00 8.108108108108108558e-01
2.222222222222222321e+00 3.622333534973959601e+00 3.846153846153846367e-01 1.294117647058823595e+00
3.846153846153846256e+00 4.112210281762146202e+00 0.000000000000000000e+00 1.283783783783783772e+00
1.666666666666666741e+00 2.506754158577421787e+00 7.142857142857141906e-01 1.250000000000000000e+00
3.809523809523809312e+00 4.365713039140375784e+00 1.071428571428571397e+00 2.278481012658227556e+00
2.142857142857142794e+00 3.779374124963195136e+00 0.000000000000000000e+00 1.358024691358024505e+00
1.333333333333333259e+00 2.997577963389463029e+00 0.000000000000000000e+00 8.333333333333332593e-01
2.857142857142857206e+00 2.671708648927068275e+00 0.000000000000000000e+00 1.102941176470588314e+00
1.111111111111111160e+00 2.231022038114436778e+00 3.846153846153846367e-01 7.500000000000000000e-01
1.428571428571428603e+00 2.476894660043662100e+00 0.000000000000000000e+00 1.093750000000000000e+00
4.166666666666666963e+00 4.498823290740529224e+00 0.000000000000000000e+00 1.354166666666666519e+00
2.000000000000000000e+00 3.039912770549781484e+00 5.000000000000000000e-01 1.062500000000000000e+00
3.333333333333333481e+00 3.634257328561867340e+00 5.000000000000000000e-01 9.558823529411764053e-01
8.333333333333333703e-01 2.491109569031894733e+00 0.000000000000000000e+00 5.999999999999999778e-01
1.111111111111111160e+00 3.059632033138712348e+00 0.000000000000000000e+00 7.303370786516854007e-01
2.307692307692307487e+00 3.558559395759080424e+00 6.250000000000000000e-01 1.397058823529411686e+00
3.571428571428571619e+00 3.499127432368411394e+00 0.000000000000000000e+00 9.166666666666666297e-01
1.666666666666666741e+00 2.526378590160571758e+00 0.000000000000000000e+00 1.020408163265306145e+00
2.857142857142857206e+00 4.029572035729247048e+00 6.666666666666666297e-01 1.290322580645161255e+00
3.076923076923077094e+00 3.938432631672950990e+00 6.250000000000000000e-01 1.413043478260869401e+00
1.578947368421052655e+00 2.188426643447835218e+00 0.000000000000000000e+00 6.790123456790122525e-01
2.500000000000000000e+00 2.268514884776447360e+00 4.545454545454545858e-01 1.341463414634146423e+00
3.333333333333333481e+00 2.747655572973861204e+00 0.000000000000000000e+00 1.323529411764705843e+00
2.666666666666666519e+00 1.807591659646505811e+00 0.000000000000000000e+00 1.168831168831168776e+00
5.263157894736841813e-01 1.054501001931702264e+00 0.000000000000000000e+00 2.941176470588235392e-01
1.363636363636363535e+00 3.284960721923929405e+00 2.941176470588235392e-01 7.291666666666667407e-01
9.090909090909090606e-01 9.145715087958243839e-01 0.000000000000000000e+00 5.084745762711864181e-01
2.352941176470588314e+00 3.167298041891087212e+00 0.000000000000000000e+00 6.382978723404254540e-01
1.666666666666666741e+00 3.924352764161177731e+00 0.000000000000000000e+00 1.034482758620689724e+00
2.352941176470588314e+00 3.324852867582255289e+00 0.000000000000000000e+00 9.756097560975609539e-01
1.904761904761904656e+00 3.167235582631524160e+00 0.000000000000000000e+00 7.920792079207921166e-01
4.736842105263157521e+00 4.857727283207450952e+00 2.500000000000000000e+00 3.583333333333333481e+00
3.571428571428571619e+00 4.427727960251123029e+00 1.250000000000000000e+00 3.173076923076922906e+00
2.500000000000000000e+00 3.334998648216727979e+00 0.000000000000000000e+00 2.291666666666666519e+00
4.736842105263157521e+00 4.874679138254014887e+00 4.375000000000000000e+00 2.602739726027397005e+00
3.750000000000000000e+00 4.152465068269977522e+00 2.500000000000000000e+00 3.396226415094339313e+00
3.846153846153846256e+00 4.019591573992641109e+00 1.428571428571428381e+00 3.205128205128205288e+00
4.166666666666666963e+00 4.577594147914179956e+00 1.666666666666666519e+00 2.840909090909091272e+00
4.166666666666666963e+00 4.697669614070001387e+00 1.666666666666666519e+00 3.157894736842105310e+00
5.000000000000000000e+00 4.929937883382105035e+00 5.000000000000000000e+00 3.181818181818181657e+00
3.846153846153846256e+00 4.735893407308572556e+00 1.428571428571428381e+00 2.794117647058823373e+00
3.529411764705882248e+00 4.766927312307170261e+00 3.125000000000000000e+00 2.931034482758620552e+00
4.375000000000000000e+00 4.304271007527581183e+00 3.571428571428571619e+00 3.500000000000000000e+00
3.125000000000000000e+00 3.861547421160482774e+00 1.000000000000000000e+00 2.301587301587301404e+00
3.846153846153846256e+00 4.461810979434450708e+00 1.428571428571428381e+00 2.361111111111111160e+00
3.571428571428571619e+00 4.353797100461838099e+00 1.250000000000000000e+00 2.456140350877192624e+00
3.571428571428571619e+00 4.351175723946730578e+00 2.142857142857142794e+00 2.258064516129032029e+00
3.636363636363636243e+00 4.330996964570368313e+00 8.333333333333332593e-01 2.674418604651162656e+00
3.125000000000000000e+00 3.892039026908329369e+00 1.666666666666666519e+00 2.711864406779660897e+00
3.684210526315789380e+00 4.133343356962132731e+00 7.692307692307692735e-01 1.760563380281690016e+00
3.571428571428571619e+00 3.742569750890056390e+00 1.250000000000000000e+00 2.745098039215686292e+00
3.333333333333333481e+00 3.457637578833056224e+00 0.000000000000000000e+00 2.037037037037036757e+00
2.941176470588235503e+00 4.051993153090790223e+00 4.166666666666666297e-01 2.397260273972602551e+00
2.777777777777777679e+00 3.558089999233664980e+00 2.000000000000000000e+00 2.857142857142856762e+00
3.571428571428571619e+00 4.269104344421990938e+00 2.142857142857142794e+00 3.090909090909090828e+00
3.000000000000000000e+00 3.457011592781532805e+00 1.000000000000000000e+00 2.647058823529411686e+00
3.333333333333333481e+00 3.770480564982711336e+00 1.875000000000000000e+00 2.327586206896551602e+00
3.000000000000000000e+00 3.648161961329728697e+00 0.000000000000000000e+00 1.250000000000000000e+00
3.529411764705882248e+00 4.088294076450250891e+00 1.500000000000000000e+00 2.460317460317460014e+00
3.846153846153846256e+00 3.836687158887493787e+00 6.250000000000000000e-01 1.931818181818181657e+00
3.076923076923077094e+00 3.821699255434367615e+00 6.250000000000000000e-01 1.960784313725490113e+00
3.125000000000000000e+00 3.779033257255447253e+00 1.666666666666666519e+00 1.901408450704225261e+00
3.636363636363636243e+00 4.137191198089217536e+00 8.333333333333332593e-01 2.058823529411764497e+00
2.500000000000000000e+00 3.784316694764074285e+00 1.000000000000000000e+00 2.279411764705882248e+00
2.352941176470588314e+00 3.746949451630534611e+00 4.166666666666666297e-01 1.857142857142857206e+00
2.222222222222222321e+00 3.923676405209242546e+00 3.846153846153846367e-01 1.987179487179487003e+00
3.076923076923077094e+00 3.845678727231485183e+00 6.250000000000000000e-01 1.981132075471698339e+00
3.333333333333333481e+00 3.396501698227952559e+00 1.111111111111111160e+00 1.811594202898550776e+00
2.500000000000000000e+00 3.610587407000052096e+00 3.333333333333333148e-01 2.043010752688172005e+00
2.307692307692307487e+00 3.404642316933037538e+00 6.250000000000000000e-01 1.734693877551020336e+00
2.777777777777777679e+00 3.561762802342728129e+00 3.846153846153846367e-01 1.470588235294117752e+00
2.727272727272727071e+00 3.245220364378836209e+00 2.000000000000000000e+00 1.875000000000000000e+00
3.000000000000000000e+00 3.872241817789134899e+00 1.000000000000000000e+00 2.432432432432432456e+00
2.500000000000000000e+00 4.150902734540093064e+00 4.545454545454545858e-01 1.794871794871794934e+00
3.529411764705882248e+00 4.331976909643119100e+00 9.090909090909091717e-01 2.352941176470588314e+00
2.307692307692307487e+00 3.628298942400901339e+00 6.250000000000000000e-01 1.555555555555555580e+00
2.222222222222222321e+00 3.768756648065384240e+00 0.000000000000000000e+00 1.222222222222222099e+00
3.076923076923077094e+00 3.248119674296868986e+00 0.000000000000000000e+00 1.914893617021276473e+00
4.000000000000000000e+00 3.504638277447640338e+00 1.000000000000000000e+00 1.486486486486486625e+00
3.333333333333333481e+00 4.502512701009599994e+00 8.333333333333332593e-01 1.648351648351648269e+00
2.857142857142857206e+00 3.761032023678603231e+00 0.000000000000000000e+00 1.692307692307692513e+00
1.333333333333333259e+00 2.619224388422694894e+00 5.000000000000000000e-01 9.285714285714286031e-01
1.250000000000000000e+00 2.085927246236905397e+00 0.000000000000000000e+00 1.590909090909090828e+00
2.142857142857142794e+00 2.588906705344170334e+00 0.000000000000000000e+00 1.293103448275862100e+00
3.846153846153846256e+00 4.494408946050039155e+00 1.428571428571428381e+00 2.200000000000000178e+00
3.333333333333333481e+00 3.591847693028062061e+00 8.333333333333332593e-01 1.733333333333333393e+00
2.727272727272727071e+00 4.009968266767645950e+00 0.000000000000000000e+00 2.192982456140350589e+00
2.500000000000000000e+00 2.281824487733827400e+00 0.000000000000000000e+00 1.636363636363636243e+00
2.222222222222222321e+00 3.755369618621599237e+00 0.000000000000000000e+00 1.444444444444444198e+00
2.352941176470588314e+00 3.920096642052717684e+00 4.166666666666666297e-01 1.141304347826086918e+00
2.777777777777777679e+00 3.125278878911026403e+00 1.363636363636363535e+00 1.803278688524590168e+00
2.666666666666666519e+00 2.134727194642995762e+00 5.000000000000000000e-01 1.290322580645161255e+00
2.307692307692307487e+00 2.859546150831386413e+00 0.000000000000000000e+00 1.044776119402984982e+00
2.631578947368421240e+00 3.177188377878939374e+00 7.692307692307692735e-01 1.392405063291139111e+00
2.222222222222222321e+00 3.695551869814104773e+00 3.846153846153846367e-01 1.282051282051281937e+00
2.500000000000000000e+00 3.602737830868143920e+00 0.000000000000000000e+00 1.428571428571428381e+00
1.000000000000000000e+00 1.910368443003216399e+00 0.000000000000000000e+00 8.695652173913043237e-01
2.352941176470588314e+00 3.035115700684514195e+00 9.090909090909091717e-01 1.470588235294117752e+00
2.222222222222222321e+00 3.554426671896520062e+00 3.846153846153846367e-01 1.206896551724137900e+00
2.083333333333333481e+00 3.828162527078911914e+00 5.555555555555555802e-01 1.637168141592920456e+00
1.428571428571428603e+00 2.485702377438827160e+00 5.555555555555555802e-01 1.268656716417910557e+00
1.764705882352941124e+00 2.062101455151888363e+00 9.090909090909091717e-01 1.500000000000000000e+00
1.904761904761904656e+00 3.461048554077110762e+00 6.666666666666666297e-01 1.329787234042553168e+00
1.428571428571428603e+00 3.798672700652567791e+00 5.555555555555555802e-01 1.164383561643835607e+00
3.846153846153846256e+00 4.627886873317558880e+00 1.428571428571428381e+00 2.264150943396226356e+00
1.428571428571428603e+00 2.139519826641047562e+00 0.000000000000000000e+00 5.999999999999999778e-01
1.428571428571428603e+00 2.433236490590757750e+00 0.000000000000000000e+00 1.206896551724137900e+00
1.111111111111111160e+00 2.225443268836889921e+00 0.000000000000000000e+00 7.627118644067797382e-01
2.380952380952380931e+00 4.254242875635537935e+00 1.538461538461538547e+00 1.199999999999999956e+00
2.941176470588235503e+00 3.726352138284030335e+00 9.090909090909091717e-01 1.111111111111111160e+00
1.428571428571428603e+00 2.875374074987238071e+00 5.555555555555555802e-01 1.337209302325581328e+00
2.500000000000000000e+00 3.210760648056321109e+00 7.142857142857141906e-01 1.639344262295081789e+00
2.000000000000000000e+00 3.275086758463638947e+00 5.000000000000000000e-01 1.014492753623188470e+00
1.764705882352941124e+00 2.953643178874484576e+00 4.166666666666666297e-01 1.388888888888888840e+00
2.500000000000000000e+00 2.108903767615071700e+00 1.666666666666666519e+00 1.525423728813559476e+00
1.538461538461538547e+00 1.668288960380644337e+00 6.250000000000000000e-01 9.322033898305084332e-01
1.176470588235294157e+00 3.177840476727147312e+00 0.000000000000000000e+00 1.250000000000000000e+00
2.307692307692307487e+00 3.835533750234208394e+00 6.250000000000000000e-01 1.203703703703703720e+00
1.666666666666666741e+00 2.882846581311764300e+00 0.000000000000000000e+00 1.048387096774193505e+00
1.818181818181818121e+00 1.689041345030897201e+00 0.000000000000000000e+00 1.015625000000000000e+00
1.250000000000000000e+00 2.353075231212607754e+00 4.545454545454545858e-01 9.859154929577463866e-01
1.111111111111111160e+00 1.680515502805846051e+00 3.846153846153846367e-01 5.333333333333333259e-01
1.111111111111111160e+00 2.259397914361421122e+00 0.000000000000000000e+00 5.681818181818181213e-01
0.000000000000000000e+00 2.461191022310549870e-01 0.000000000000000000e+00 3.030303030303030387e-01
9.090909090909090606e-01 1.778240478691290649e+00 0.000000000000000000e+00 2.192982456140350755e-01
1.875000000000000000e+00 1.521669327505738689e+00 4.545454545454545858e-01 9.659090909090908283e-01
1.875000000000000000e+00 2.882028305980859351e+00 0.000000000000000000e+00 9.154929577464788748e-01
6.666666666666666297e-01 1.525917074070841428e+00 0.000000000000000000e+00 2.439024390243902385e-01
2.000000000000000000e+00 2.714996951203040076e+00 0.000000000000000000e+00 1.075268817204301008e+00
6.250000000000000000e-01 7.418758841908240642e-01 0.000000000000000000e+00 4.430379746835443333e-01
6.666666666666666297e-01 2.789244688971542985e+00 0.000000000000000000e+00 7.017543859649122417e-01
2.666666666666666519e+00 2.619936493825203883e+00 5.000000000000000000e-01 9.154929577464788748e-01
1.875000000000000000e+00 2.669604135506827625e+00 0.000000000000000000e+00 7.500000000000000000e-01
2.380952380952380931e+00 3.295144494392180157e+00 0.000000000000000000e+00 8.695652173913043237e-01
7.692307692307692735e-01 1.110440483542995960e+00 0.000000000000000000e+00 6.666666666666666297e-01
1.333333333333333259e+00 3.154407419637161869e+00 0.000000000000000000e+00 9.411764705882352811e-01
1.176470588235294157e+00 2.493182037104723747e+00 0.000000000000000000e+00 7.692307692307692735e-01
0.000000000000000000e+00 4.711407424298017510e-01 0.000000000000000000e+00 1.785714285714285476e-01
7.692307692307692735e-01 2.258280799997673061e+00 0.000000000000000000e+00 4.729729729729730270e-01
7.142857142857143016e-01 1.072976374851577486e+00 0.000000000000000000e+00 1.119402985074626988e+00
1.764705882352941124e+00 3.020775282827639074e+00 0.000000000000000000e+00 7.653061224489796643e-01
1.052631578947368363e+00 1.724736920315205202e+00 3.571428571428570953e-01 7.070707070707070718e-01
1.111111111111111160e+00 1.569550995929147597e+00 3.846153846153846367e-01 6.666666666666666297e-01
1.250000000000000000e+00 2.072553054957606111e+00 4.545454545454545858e-01 8.241758241758241343e-01
1.052631578947368363e+00 1.383759464978057352e+00 3.571428571428570953e-01 6.185567010309278579e-01
9.090909090909090606e-01 2.381770905143312689e+00 0.000000000000000000e+00 8.695652173913043237e-01
1.333333333333333259e+00 2.972853823344477231e+00 0.000000000000000000e+00 6.944444444444444198e-01
6.250000000000000000e-01 1.706832378238806847e+00 0.000000000000000000e+00 3.703703703703703498e-01
6.250000000000000000e-01 9.287037738815334675e-01 0.000000000000000000e+00 7.058823529411764053e-01
2.222222222222222321e+00 2.774601668599498971e+00 3.846153846153846367e-01 8.433734939759035543e-01
1.176470588235294157e+00 2.776608936358946345e+00 0.000000000000000000e+00 5.978260869565217295e-01
2.142857142857142794e+00 2.275999853925964711e+00 5.555555555555555802e-01 9.375000000000000000e-01
0.000000000000000000e+00 5.553363200241896447e-01 0.000000000000000000e+00 1.315789473684210453e-01
4.166666666666666852e-01 1.990825116382437754e+00 0.000000000000000000e+00 5.691056910569105565e-01
7.692307692307692735e-01 1.942199063017667537e+00 0.000000000000000000e+00 9.166666666666666297e-01
7.142857142857143016e-01 2.047329730274129123e+00 0.000000000000000000e+00 3.797468354430380000e-01
6.666666666666666297e-01 1.584574726615004980e+00 0.000000000000000000e+00 2.840909090909090606e-01
0.000000000000000000e+00 2.954294616478956095e-02 0.000000000000000000e+00 5.000000000000000278e-02
1.666666666666666741e+00 2.993895719193249594e+00 0.000000000000000000e+00 8.421052631578946901e-01
