4.285714285714285587e+00 4.780759411366314104e+00 3.333333333333333037e+00 3.913043478260869623e+00
0.000000000000000000e+00 1.098392480853048969e+00 0.000000000000000000e+00 3.461538461538461453e-01
4.555555555555555358e+00 4.643804528923344499e+00 2.543859649122807376e+00 3.870370370370370239e+00
4.137931034482758896e+00 4.238711747303312904e+00 1.944444444444444420e+00 3.111111111111111160e+00
4.000000000000000000e+00 3.894033803781795200e+00 1.562500000000000000e+00 2.383720930232558377e+00
2.500000000000000000e+00 4.832994476378743798e+00 3.333333333333333037e+00 4.257425742574257654e+00
4.576271186440678207e+00 4.830857620669029018e+00 3.333333333333333037e+00 4.043715846994535568e+00
4.117647058823528994e+00 3.738939751494684494e+00 4.285714285714285587e+00 3.222222222222222321e+00
2.500000000000000000e+00 3.112152959183124956e+00 2.380952380952380820e-01 1.106557377049180335e+00
1.666666666666666741e+00 2.167569649234680540e+00 0.000000000000000000e+00 1.071428571428571397e+00
4.166666666666666963e+00 4.292292445813127522e+00 1.666666666666666519e+00 2.446808510638297740e+00
2.500000000000000000e+00 4.678160597269045873e+00 2.500000000000000000e+00 4.270833333333333037e+00
4.313725490196078205e+00 4.076099234021997475e+00 1.250000000000000000e+00 2.382550335570469802e+00
4.142857142857143238e+00 4.746112683139145361e+00 1.666666666666666519e+00 3.397129186602870554e+00
2.500000000000000000e+00 3.947540079166512506e+00 7.142857142857141906e-01 1.805555555555555580e+00
4.864864864864864913e+00 4.946930646521020769e+00 4.117647058823528994e+00 4.655172413793103203e+00
6.451612903225806273e-01 1.319920887609302262e+00 0.000000000000000000e+00 3.813559322033898691e-01
9.375000000000000000e-01 2.479142061334421943e+00 1.851851851851851749e-01 1.125827814569536400e+00
1.212121212121212155e+00 2.624657613718210492e+00 3.703703703703703498e-01 1.172413793103448176e+00
4.067796610169491345e+00 4.617212830869838136e+00 2.051282051282051100e+00 3.527607361963190247e+00
1.304347826086956541e+00 1.930952125111766726e+00 2.777777777777777901e-01 7.792207792207792583e-01
3.448275862068965747e-01 1.103865679017405288e+00 0.000000000000000000e+00 2.272727272727272929e-01
4.727272727272727515e+00 4.901841168445050911e+00 2.727272727272727071e+00 4.186046511627907307e+00
4.875000000000000000e+00 4.854116785738038509e+00 3.260869565217391575e+00 3.834951456310679685e+00
4.594594594594594739e+00 4.941494770819701010e+00 3.250000000000000000e+00 4.242424242424242209e+00
4.000000000000000000e+00 4.368010857392329527e+00 3.888888888888888840e+00 3.620689655172413701e+00
2.307692307692307487e+00 3.457347511128129547e+00 1.111111111111111160e+00 1.538461538461538547e+00
4.210526315789473450e+00 4.286869182876052342e+00 3.333333333333333037e+00 3.245614035087719174e+00
4.736842105263157521e+00 4.846167387450414310e+00 3.333333333333333037e+00 4.732142857142856762e+00
2.941176470588235503e+00 3.103408596391017404e+00 9.090909090909091717e-01 1.447368421052631637e+00
4.761904761904761862e+00 4.841858781525964162e+00 2.727272727272727071e+00 4.500000000000000000e+00
4.482758620689654805e+00 3.895612395029290465e+00 9.523809523809523281e-01 1.982758620689655249e+00
4.157303370786516794e+00 4.698947189094571542e+00 2.600000000000000089e+00 3.542600896860986559e+00
4.324324324324324564e+00 4.346833860385091342e+00 2.173913043478260754e+00 2.706422018348623837e+00
3.636363636363636243e+00 4.398815034326140072e+00 1.041666666666666741e+00 2.318181818181818343e+00
4.347826086956521507e+00 4.820360279908463497e+00 2.777777777777777679e+00 4.007936507936507908e+00
4.166666666666666963e+00 4.687242666989776652e+00 1.666666666666666519e+00 3.048780487804878092e+00
4.482758620689654805e+00 4.761542839974691965e+00 3.333333333333333037e+00 3.432835820895522083e+00
0.000000000000000000e+00 -5.297705939024878463e-02 0.000000000000000000e+00 0.000000000000000000e+00
4.838709677419354982e+00 4.994990181404512342e+00 4.354838709677419040e+00 4.820143884892086561e+00
0.000000000000000000e+00 1.548984638447211015e+00 0.000000000000000000e+00 0.000000000000000000e+00
4.468085106382978289e+00 4.755700158518195053e+00 3.269230769230769162e+00 4.292452830188679513e+00
5.000000000000000000e+00 4.999999999999999112e+00 2.142857142857142794e+00 4.222222222222222321e+00
3.611111111111111160e+00 4.077249303126665225e+00 1.181818181818181879e+00 2.564655172413793593e+00
2.000000000000000000e+00 2.983820813706548059e+00 1.000000000000000000e+00 1.538461538461538547e+00
2.666666666666666519e+00 2.626283813389208355e+00 1.111111111111111160e+00 8.695652173913043237e-01
3.000000000000000000e+00 1.826721310872557735e+00 1.000000000000000000e+00 7.446808510638297518e-01
5.000000000000000000e+00 4.950890891644801783e+00 4.000000000000000000e+00 4.759615384615384137e+00
3.125000000000000000e+00 3.634889672327612509e+00 0.000000000000000000e+00 9.210526315789473450e-01
3.333333333333333481e+00 3.600082815030247740e+00 1.666666666666666519e+00 2.250000000000000000e+00
1.538461538461538547e+00 2.571849584032253055e+00 2.380952380952380820e-01 1.227272727272727293e+00
2.500000000000000000e+00 3.958276305172682363e+00 3.846153846153846367e-01 2.080291970802919721e+00
4.482758620689654805e+00 4.954275896471123986e+00 2.812500000000000000e+00 4.485294117647058876e+00
3.636363636363636243e+00 4.454968669167924666e+00 1.250000000000000000e+00 2.902097902097902082e+00
2.500000000000000000e+00 4.350319570198025509e+00 7.894736842105263275e-01 2.857142857142856762e+00
1.764705882352941124e+00 2.652140993314689332e+00 9.090909090909091717e-01 1.370967741935483764e+00
4.230769230769230838e+00 4.047285378894255103e+00 1.875000000000000000e+00 3.011363636363636687e+00
4.647887323943661997e+00 4.907684553419417561e+00 3.783783783783784216e+00 4.357798165137614532e+00
4.615384615384614975e+00 4.621784665680936044e+00 2.333333333333333481e+00 3.283582089552238958e+00
2.000000000000000000e+00 2.721943177367549094e+00 5.000000000000000000e-01 8.196721311475408944e-01
7.407407407407406996e-01 1.817587955092929475e+00 2.272727272727272929e-01 4.854368932038835016e-01
4.166666666666666963e+00 4.699559203189567214e+00 2.857142857142856762e+00 3.500000000000000000e+00
4.814814814814814881e+00 4.852489242327261643e+00 2.666666666666666519e+00 4.130434782608695343e+00
3.636363636363636243e+00 4.030027099685585590e+00 9.615384615384615641e-01 2.682926829268292845e+00
2.352941176470588314e+00 1.957249189950915458e+00 0.000000000000000000e+00 9.848484848484848619e-01
0.000000000000000000e+00 1.304424052977428472e+00 0.000000000000000000e+00 4.166666666666666297e-01
4.000000000000000000e+00 4.464820355578006605e+00 2.333333333333333481e+00 3.286384976525821955e+00
5.714285714285714413e+00 5.000000000000000888e+00 2.142857142857142794e+00 4.021739130434783149e+00
4.090909090909090828e+00 4.330615692314800036e+00 1.923076923076923128e+00 2.928571428571428825e+00
3.684210526315789380e+00 4.329308015350989081e+00 2.500000000000000000e+00 3.240740740740740478e+00
4.473684210526315930e+00 4.951934189028836641e+00 2.894736842105263275e+00 3.846153846153846256e+00
9.375000000000000000e-01 1.569701817815450262e+00 1.851851851851851749e-01 3.144654088050314322e-01
4.666666666666666963e+00 4.937670206899059444e+00 4.166666666666666963e+00 4.406779661016948957e+00
4.814814814814814881e+00 4.854121368133649028e+00 2.666666666666666519e+00 4.202898550724637694e+00
5.000000000000000000e+00 4.848005910610673652e+00 2.500000000000000000e+00 4.099099099099098531e+00
3.500000000000000000e+00 3.948860483440209457e+00 1.666666666666666519e+00 2.727272727272727071e+00
3.888888888888888840e+00 4.487819962642880967e+00 2.000000000000000000e+00 3.076923076923077094e+00
2.500000000000000000e+00 4.822938776109519488e+00 3.194444444444444198e+00 3.926380368098159490e+00
5.263157894736841813e-01 1.493611771802436206e+00 0.000000000000000000e+00 7.142857142857141906e-01
4.761904761904761862e+00 4.645314416150114312e+00 2.727272727272727071e+00 3.768115942028985366e+00
0.000000000000000000e+00 2.086013583084734169e+00 0.000000000000000000e+00 5.392156862745098866e-01
0.000000000000000000e+00 1.640489850875391786e+00 0.000000000000000000e+00 2.307692307692307820e-01
4.666666666666666963e+00 4.505584668745543198e+00 1.111111111111111160e+00 1.666666666666666519e+00
5.000000000000000000e+00 4.931237937954275452e+00 3.750000000000000000e+00 4.277108433734939652e+00
4.799999999999999822e+00 4.586339322562938747e+00 3.076923076923077094e+00 4.000000000000000000e+00
1.250000000000000000e+00 2.890899154874695842e+00 0.000000000000000000e+00 1.164383561643835607e+00
4.107142857142856762e+00 4.215219194801608005e+00 2.222222222222222321e+00 2.774566473988438808e+00
3.728813559322033733e+00 4.728013963729890357e+00 1.111111111111111160e+00 2.942857142857142616e+00
8.333333333333333703e-01 3.186866712471721819e+00 0.000000000000000000e+00 8.000000000000000444e-01
2.500000000000000000e+00 4.810413041415709579e+00 2.500000000000000000e+00 3.872549019607843146e+00
4.516129032258064946e+00 4.348799656345587294e+00 2.105263157894736725e+00 2.761904761904761862e+00
4.411764705882353255e+00 4.787401471618617954e+00 2.441860465116278966e+00 4.096916299559471675e+00
2.500000000000000000e+00 4.641804044251372829e+00 3.000000000000000000e+00 3.947368421052631859e+00
4.761904761904761862e+00 4.581876143150141800e+00 2.083333333333333481e+00 4.000000000000000000e+00
4.400000000000000355e+00 4.606241482910230722e+00 3.076923076923077094e+00 3.857142857142857206e+00
4.799999999999999822e+00 4.898806140234358786e+00 3.518518518518518601e+00 4.333333333333333925e+00
4.285714285714285587e+00 4.502999694203849934e+00 2.428571428571428381e+00 3.179012345679012697e+00
2.352941176470588314e+00 3.762554077620458237e+00 1.250000000000000000e+00 1.745283018867924474e+00
1.250000000000000000e+00 2.009700716540803178e+00 2.631578947368420907e-01 5.392156862745098866e-01
4.782608695652173836e+00 4.846981358371394322e+00 3.636363636363636687e+00 4.659090909090909172e+00
2.500000000000000000e+00 3.843467998052373602e+00 2.111111111111111160e+00 2.867298578199052095e+00
3.913043478260869623e+00 3.953243376132999920e+00 2.307692307692307931e+00 2.357142857142857206e+00
2.666666666666666519e+00 3.393290275419802882e+00 1.875000000000000000e+00 2.000000000000000000e+00
4.250000000000000000e+00 4.848997263596269924e+00 3.181818181818181657e+00 4.292035398230088283e+00
4.000000000000000000e+00 4.436362915406957264e+00 2.500000000000000000e+00 2.708333333333333037e+00
3.333333333333333481e+00 4.123550429136177975e+00 1.041666666666666741e+00 2.366412213740458181e+00
2.500000000000000000e+00 3.880123685081477092e+00 1.041666666666666741e+00 2.590909090909090828e+00
4.130434782608695343e+00 4.782402444960714760e+00 2.000000000000000000e+00 4.022556390977443996e+00
3.939393939393939448e+00 4.587924724809157695e+00 1.590909090909090828e+00 3.084112149532709957e+00
4.418604651162790553e+00 4.790832668577707842e+00 2.800000000000000266e+00 3.653846153846153744e+00
3.125000000000000000e+00 3.133528503747283978e+00 0.000000000000000000e+00 1.290322580645161255e+00
4.000000000000000000e+00 4.580818824627055363e+00 2.500000000000000000e+00 3.428571428571428825e+00
3.750000000000000000e+00 4.333711436055875943e+00 2.586206896551724199e+00 2.673611111111111160e+00
1.612903225806451513e+00 2.852022126362378618e+00 1.000000000000000000e+00 1.562500000000000000e+00
3.846153846153846256e+00 4.361550859439510042e+00 2.500000000000000000e+00 2.777777777777777679e+00
3.928571428571428381e+00 4.787682911140014319e+00 2.500000000000000000e+00 3.670886075949367111e+00
1.739130434782608647e+00 1.830142710836603737e+00 5.882352941176470784e-01 1.000000000000000000e+00
3.333333333333333481e+00 4.173370957774512391e+00 7.142857142857141906e-01 2.727272727272727071e+00
4.200000000000000178e+00 4.485387049361569289e+00 3.518518518518518601e+00 3.715277777777777679e+00
0.000000000000000000e+00 1.319889311685964461e+00 0.000000000000000000e+00 5.376344086021505042e-01
4.324324324324324564e+00 4.693240640418207654e+00 2.291666666666666519e+00 3.574766355140186924e+00
4.333333333333333037e+00 4.617619695263845081e+00 2.352941176470588314e+00 3.310810810810810967e+00
2.500000000000000000e+00 2.489617958773651551e+00 2.272727272727272929e-01 1.278195488721804551e+00
4.905660377358490365e+00 4.952057465530254277e+00 3.750000000000000000e+00 4.590643274853801081e+00
3.703703703703703720e+00 4.404523465242546010e+00 2.187500000000000000e+00 2.833333333333333037e+00
1.333333333333333259e+00 2.540664155846108496e+00 2.000000000000000111e-01 1.259541984732824194e+00
1.666666666666666741e+00 2.973647331400683935e+00 0.000000000000000000e+00 1.081081081081081141e+00
1.290322580645161255e+00 1.079241118224087970e+00 1.923076923076923184e-01 7.876712328767122573e-01
4.736842105263157521e+00 4.806918922570265096e+00 3.333333333333333037e+00 4.741379310344827402e+00
1.176470588235294157e+00 1.265136639798606355e+00 1.851851851851851749e-01 4.137931034482758563e-01
4.166666666666666963e+00 4.825392560667322250e+00 7.142857142857141906e-01 3.617021276595744794e+00
4.347826086956521618e-01 1.639048558743551043e+00 0.000000000000000000e+00 6.302521008403361158e-01
1.000000000000000000e+00 2.516805416846052523e+00 0.000000000000000000e+00 1.107142857142857206e+00
4.772727272727272485e+00 4.856474691458694259e+00 3.333333333333333037e+00 4.243421052631578760e+00
3.333333333333333481e+00 4.426071272746994190e+00 3.846153846153846367e-01 1.916666666666666741e+00
1.600000000000000089e+00 2.604100001394279218e+00 2.500000000000000000e-01 1.470588235294117752e+00
6.896551724137931494e-01 6.714428418204807514e-01 2.173913043478260809e-01 7.476635514018691309e-01
3.750000000000000000e+00 3.016829646543472521e+00 1.666666666666666519e+00 2.250000000000000000e+00
3.333333333333333481e+00 3.412419704086437022e+00 1.666666666666666519e+00 2.444444444444444198e+00
2.500000000000000000e+00 3.386165327849990359e+00 7.142857142857141906e-01 1.410256410256410131e+00
2.500000000000000000e+00 4.202600878514648031e+00 0.000000000000000000e+00 1.406250000000000000e+00
2.083333333333333481e+00 2.971809397376100392e+00 5.555555555555555802e-01 1.363636363636363535e+00
4.000000000000000000e+00 4.641264675182425137e+00 1.000000000000000000e+00 2.241379310344827402e+00
4.769230769230769162e+00 4.825017971178240828e+00 3.714285714285714413e+00 4.489247311827956999e+00
4.500000000000000000e+00 4.227479656787492601e+00 1.666666666666666519e+00 2.753623188405796895e+00
2.500000000000000000e+00 4.334241914251752092e+00 1.481481481481481399e+00 2.883895131086142261e+00
5.882352941176470784e-01 1.509024849838771498e+00 1.724137931034482873e-01 6.060606060606060774e-01
2.500000000000000000e+00 2.672009024274094813e+00 3.846153846153846367e-01 1.267605633802816989e+00
2.500000000000000000e+00 4.155974616396155952e+00 1.071428571428571397e+00 2.358490566037735992e+00
1.333333333333333259e+00 2.648655563150264847e+00 5.000000000000000000e-01 1.140350877192982448e+00
1.142857142857142794e+00 2.327433975566603586e+00 3.448275862068965747e-01 8.527131782945736038e-01
3.870967741935483986e+00 3.849913533507969277e+00 2.500000000000000000e+00 3.191489361702127603e+00
1.538461538461538547e+00 2.248078469601924478e+00 0.000000000000000000e+00 1.000000000000000000e+00
4.500000000000000000e+00 3.996362944274504336e+00 2.272727272727272485e+00 2.847222222222222321e+00
4.696969696969697239e+00 4.642807975371530560e+00 3.571428571428571619e+00 4.006024096385542244e+00
3.823529411764706065e+00 4.301327564049709729e+00 2.560975609756097615e+00 3.065476190476190688e+00
3.000000000000000000e+00 2.843354227727342476e+00 7.142857142857141906e-01 9.420289855072463414e-01
8.333333333333333703e-01 1.351592982730192016e+00 2.777777777777777901e-01 6.140350877192981560e-01
3.488372093023255793e+00 4.205703044295349358e+00 9.090909090909091717e-01 2.357954545454545414e+00
2.500000000000000000e+00 4.354076075618575459e+00 9.210526315789473450e-01 2.625698324022346597e+00
4.418604651162790553e+00 4.799387838173101883e+00 2.600000000000000089e+00 3.807339449541284448e+00
2.857142857142857206e+00 2.605571239886605106e+00 1.250000000000000000e+00 1.097560975609756184e+00
4.444444444444444642e+00 4.722210836672864787e+00 1.388888888888888840e+00 3.804347826086956985e+00
3.714285714285714413e+00 4.427677912618741551e+00 1.739130434782608647e+00 2.871287128712871173e+00
3.846153846153846256e+00 4.778057592250296359e+00 1.818181818181818343e+00 3.815789473684210620e+00
2.307692307692307487e+00 3.441647172855351933e+00 0.000000000000000000e+00 1.521739130434782705e+00
6.896551724137931494e-01 1.229608401362725978e+00 0.000000000000000000e+00 6.250000000000000000e-01
9.523809523809523281e-01 2.188364981592508141e+00 0.000000000000000000e+00 5.696202531645568889e-01
2.727272727272727071e+00 3.564070787766095538e+00 1.428571428571428381e+00 1.917808219178082085e+00
4.375000000000000000e+00 4.804861482544271922e+00 1.666666666666666519e+00 3.552631578947368141e+00
4.117647058823528994e+00 4.756340410950797626e+00 2.121212121212121104e+00 3.357664233576642232e+00
3.673469387755102122e+00 4.429954944816559603e+00 7.692307692307692735e-01 2.594594594594594739e+00
3.888888888888888840e+00 4.685820007408683097e+00 1.969696969696969724e+00 3.076923076923077094e+00
3.333333333333333481e+00 4.181047307226207543e+00 7.142857142857141906e-01 2.254901960784313708e+00
2.500000000000000000e+00 2.247405665275614695e+00 2.380952380952380820e-01 6.521739130434782705e-01
2.500000000000000000e+00 3.085760903962121660e+00 2.500000000000000000e-01 1.134453781512605008e+00
4.761904761904761640e-01 1.917689019684216456e+00 0.000000000000000000e+00 7.228915662650602370e-01
2.500000000000000000e+00 4.603646572264898928e+00 1.509433962264150830e+00 3.070866141732283339e+00
4.400000000000000355e+00 4.871410304576535566e+00 2.419354838709677491e+00 3.380281690140845008e+00
3.200000000000000178e+00 4.240641924460270218e+00 1.571428571428571397e+00 2.601156069364161549e+00
4.791666666666666963e+00 4.911673064349281859e+00 3.799999999999999822e+00 4.487179487179487225e+00
1.600000000000000089e+00 2.814820747608206553e+00 0.000000000000000000e+00 1.126126126126126170e+00
0.000000000000000000e+00 1.285623140070086823e+00 0.000000000000000000e+00 3.174603174603174427e-01
1.875000000000000000e+00 9.786299130809138491e-01 2.000000000000000111e-01 5.511811023622047445e-01
3.913043478260869623e+00 4.637080986498521185e+00 3.000000000000000000e+00 3.617886178861788871e+00
2.500000000000000000e+00 3.677764628998805296e+00 1.666666666666666519e+00 1.736111111111111160e+00
1.290322580645161255e+00 2.657205698447334008e+00 4.000000000000000222e-01 1.161971830985915499e+00
0.000000000000000000e+00 4.720803408672218371e-01 0.000000000000000000e+00 5.416666666666667407e-01
2.173913043478260754e+00 3.248189568068791999e+00 5.882352941176470784e-01 1.421052631578947345e+00
3.846153846153846367e-01 1.096961801851515927e+00 0.000000000000000000e+00 3.211009174311926784e-01
1.250000000000000000e+00 1.524709034470146829e+00 2.777777777777777901e-01 6.147540983606557541e-01
2.500000000000000000e+00 4.682344422482494828e+00 3.000000000000000000e+00 3.434343434343434254e+00
3.600000000000000089e+00 4.122351756545787005e+00 1.571428571428571397e+00 2.699386503067484622e+00
1.034482758620689724e+00 1.790748070529971869e+00 2.083333333333333148e-01 7.476635514018691309e-01
4.599999999999999645e+00 4.722769241660591533e+00 2.666666666666666519e+00 3.750000000000000000e+00
4.691358024691358430e+00 4.978294029779984697e+00 3.720930232558139483e+00 4.218750000000000000e+00
3.200000000000000178e+00 4.249491003290546409e+00 1.176470588235294157e+00 3.269230769230769162e+00
1.199999999999999956e+00 1.879731499615535428e+00 2.500000000000000000e-01 5.392156862745098866e-01
1.666666666666666741e+00 2.684046772105970202e+00 0.000000000000000000e+00 9.574468085106382365e-01
2.857142857142857206e+00 3.588319999544988814e+00 0.000000000000000000e+00 1.810344827586206851e+00
4.473684210526315930e+00 4.698683837187870083e+00 2.727272727272727071e+00 3.693693693693693714e+00
2.500000000000000000e+00 4.765624441899157127e+00 2.500000000000000000e+00 3.403361344537815469e+00
2.500000000000000000e+00 2.464704627179621799e+00 2.500000000000000000e-01 6.818181818181817677e-01
3.880597014925373234e+00 4.278546833950056083e+00 2.159090909090909172e+00 3.497652582159624490e+00
1.428571428571428603e+00 3.159036057903970018e+00 4.545454545454545858e-01 1.100917431192660612e+00
4.500000000000000000e+00 4.615477971844258676e+00 2.500000000000000000e+00 4.069767441860465240e+00
2.083333333333333481e+00 3.103508469771592448e+00 5.555555555555555802e-01 1.406250000000000000e+00
2.500000000000000000e+00 4.813312704647360718e+00 2.800000000000000266e+00 3.561151079136690711e+00
0.000000000000000000e+00 1.894836333850661969e+00 0.000000000000000000e+00 4.661016949152542166e-01
2.500000000000000000e+00 4.734749487946670499e+00 2.413793103448275801e+00 3.827160493827160170e+00
2.500000000000000000e+00 1.914859625844075319e+00 5.999999999999999778e-01 1.289062500000000000e+00
2.500000000000000000e+00 4.811798659770431641e+00 3.599999999999999645e+00 4.416666666666666075e+00
7.142857142857143016e-01 1.859179016304369547e+00 0.000000000000000000e+00 4.385964912280701511e-01
2.500000000000000000e+00 2.064033709267282912e+00 2.000000000000000111e-01 7.720588235294117974e-01
2.500000000000000000e+00 4.920444011531253992e+00 3.833333333333333481e+00 4.213836477987421780e+00
0.000000000000000000e+00 8.320009387382107935e-01 0.000000000000000000e+00 4.088050314465408452e-01
1.818181818181818121e+00 3.166540032145470640e+00 2.941176470588235392e-01 1.210526315789473673e+00
1.481481481481481399e+00 2.777619359699436519e+00 2.272727272727272929e-01 7.438016528925619486e-01
1.562500000000000000e+00 2.367455616195458745e+00 2.000000000000000111e-01 6.390977443609022757e-01
3.877551020408163129e+00 4.167049182480774938e+00 1.818181818181818343e+00 3.205128205128205288e+00
0.000000000000000000e+00 4.912579335714177819e-01 0.000000000000000000e+00 9.722222222222222099e-01
1.304347826086956541e+00 2.677364765277639336e+00 0.000000000000000000e+00 7.619047619047619735e-01
2.500000000000000000e+00 4.732816446272968491e+00 3.030303030303030276e+00 4.245283018867924696e+00
2.500000000000000000e+00 3.041179225901160521e+00 1.333333333333333259e+00 1.684782608695652106e+00
2.631578947368421240e+00 3.740918947893382196e+00 3.846153846153846367e-01 1.590909090909090828e+00
4.666666666666666963e+00 4.967934314052374845e+00 3.269230769230769162e+00 4.642857142857143238e+00
5.882352941176470784e-01 1.906795390350846109e+00 0.000000000000000000e+00 7.089552238805969520e-01
1.071428571428571397e+00 1.786184779011431356e+00 4.761904761904761640e-01 8.636363636363636465e-01
4.423076923076923350e+00 4.489899546213239390e+00 3.000000000000000000e+00 3.613138686131387001e+00
1.428571428571428603e+00 2.835949616168545795e+00 2.173913043478260809e-01 1.080000000000000071e+00
2.142857142857142794e+00 3.454553992375997140e+00 8.333333333333332593e-01 1.451612903225806495e+00
2.380952380952380931e+00 3.511986367981005053e+00 7.812500000000000000e-01 1.654411764705882248e+00
6.666666666666666297e-01 3.307353766168213416e-01 2.000000000000000111e-01 6.400000000000000133e-01
9.523809523809523281e-01 1.889062493651494812e+00 0.000000000000000000e+00 7.317073170731707155e-01
1.000000000000000000e+00 9.512436544970781505e-01 2.000000000000000111e-01 7.575757575757575690e-01
2.000000000000000000e+00 2.560657562759302230e+00 0.000000000000000000e+00 1.372549019607843146e+00
3.125000000000000000e+00 3.728280920091177286e+00 1.000000000000000000e+00 1.791044776119402826e+00
2.500000000000000000e+00 1.951560819784128542e+00 0.000000000000000000e+00 7.094594594594594295e-01
4.285714285714285587e+00 4.735225096932821565e+00 1.818181818181818343e+00 3.197278911564626291e+00
4.599999999999999645e+00 4.751427424597460814e+00 1.969696969696969724e+00 3.951048951048950819e+00
1.176470588235294157e+00 8.006549738257117133e-01 1.851851851851851749e-01 3.846153846153846367e-01
2.608695652173913082e+00 4.005758921301107556e+00 1.153846153846153966e+00 1.842105263157894690e+00
3.870967741935483986e+00 4.192694403861382924e+00 1.136363636363636243e+00 2.342342342342342398e+00
6.666666666666666297e-01 1.785512250142103907e-01 2.000000000000000111e-01 3.278688524590164244e-01
